2082 283 978 320
4440 576 160 542
9303 874 735 964
5812 138 438 403
7794 774 256 477
1834 500 978 208
7052 360 21 765
1854 566 896 159
2932 346 890 772
5907 952 465 505
4960 11 115 337
9516 6 932 964
3595 790 483 807
6245 498 431 737
8694 717 623 541
3190 715 687 831
4930 264 62 350
6568 329 208 737
4663 791 36 472
3878 302 348 747
8444 439 595 357
1072 569 589 42
5009 214 65 309
7409 152 21 556
6014 448 465 523
635 588 174 47
1329 286 724 42
4460 12 103 472
1949 761 978 229
4025 613 160 698
9111 156 623 894
9131 45 623 842
960 577 456 42
4671 128 55 472
9379 430 785 964
7804 47 346 477
5556 166 318 403
3252 387 753 831
881 337 292 42
7200 169 21 734
7471 995 64 477
5837 888 383 403
5402 470 187 403
8426 182 623 367
2408 541 866 468
3310 388 691 831
2319 825 927 399
8990 686 623 735
8812 697 623 698
4855 461 115 347
3962 611 235 747
1326 36 670 42
7017 370 74 798
8699 333 623 638
3398 378 593 831
6860 878 134 743
9135 228 623 934
4149 653 160 718
5939 31 465 530
8762 109 623 723
8750 94 623 566
6057 651 465 506
3244 821 727 831
5852 877 357 403
7223 895 21 625
7377 459 21 587
4673 645 12 356
7623 36 134 477
5832 604 372 403
901 425 419 42
9265 188 752 964
3689 636 414 747
6275 285 463 737
2099 697 978 373
7249 154 21 569
5664 921 303 403
3126 851 716 831
3667 397 448 778
2905 490 890 792
5124 779 43 309
4321 459 160 638
7431 490 52 477
9254 940 654 964
4959 405 104 350
2575 563 840 593
994 959 571 42
5410 295 68 403
9116 725 623 923
5977 20 439 443
7738 418 272 477
3661 501 447 747
2025 448 978 312
7674 575 247 477
2324 723 914 399
8842 58 623 734
4881 94 12 354
4912 187 98 309
2485 17 840 489
5127 229 93 309
6638 309 135 737
3478 287 478 807
5429 199 208 403
6504 817 252 737
3327 915 593 831
2880 865 890 695
3004 395 834 831
8406 671 576 357
3809 0 335 747
2150 16 946 399
4236 307 160 698
1059 570 443 42
8737 719 623 648
5833 94 368 403
6717 650 192 737
7121 202 21 685
2926 186 890 750
4173 228 160 658
5008 334 97 350
4346 548 160 487
8340 744 534 388
5451 713 96 403
4524 306 28 472
7330 360 21 557
8509 870 623 428
354 421 79 129
6588 764 247 737
1050 407 420 42
1777 558 906 159
9392 148 817 964
4364 955 160 535
414 263 88 129
2636 903 840 606
3544 263 520 807
4966 788 115 311
856 572 328 42
8455 859 612 357
7291 861 21 628
2754 73 890 731
1142 354 520 42
3501 671 568 831
2154 680 924 399
7780 324 353 477
8522 976 623 533
1746 850 944 159
6813 715 104 798
1310 859 632 42
1603 711 889 159
7743 748 231 477
2765 7 890 760
4674 927 35 472
8742 457 623 662
4918 97 76 350
8377 309 623 443
7767 949 221 477
5825 139 405 403
6844 366 134 756
5451 820 139 403
3996 244 259 747
1875 271 978 166
8750 489 623 557
4221 867 160 582
1238 800 564 42
6575 914 297 737
8135 383 534 437
5119 478 18 309
2318 867 875 468
5282 703 6 358
8972 822 623 860
7260 159 21 683
1292 592 599 42
7519 91 103 477
4186 966 160 712
8755 826 623 560
4181 982 160 723
7880 24 301 477
3602 705 488 807
7719 117 163 477
3437 946 561 816
7398 787 21 574
3529 29 507 807
7728 503 227 477
1461 779 782 42
7029 22 84 798
6743 920 176 737
563 669 180 42
3195 586 702 831
1741 676 866 152
5068 884 114 309
3455 749 588 831
4644 36 44 472
6365 699 443 737
7370 381 21 605
6818 255 134 780
3011 370 890 777
9481 153 838 964
5416 517 128 403
6128 319 465 531
2202 69 911 411
6685 394 238 737
5454 897 100 403
4510 709 104 472
3612 325 470 807
8115 493 520 477
599 679 174 108
4945 339 72 309
6611 461 182 737
5192 668 17 309
4096 434 160 650
5812 589 354 403
8455 898 621 357
5817 371 364 403
2341 4 863 468
2050 314 978 331
9481 909 818 964
5770 907 407 403
3596 954 495 807
8580 575 623 540
5723 445 309 403
5171 933 6 391
3294 145 718 831
5446 470 220 403
3443 312 607 831
5115 858 6 318
5028 622 102 309
3018 41 823 831
9034 988 623 889
3313 201 611 831
1136 798 529 42
4637 354 62 472
5684 603 283 403
6304 265 465 664
3897 475 273 747
3520 596 530 807
8323 882 534 389
2779 307 852 638
3772 156 393 747
6486 923 306 737
3646 837 448 783
6174 890 465 691
1778 517 937 159
3073 649 866 831
6843 276 134 769
8483 624 623 461
3138 86 801 831
8691 373 623 620
3133 705 816 831
5223 98 23 309
235 969 1 180
4124 906 160 689
1111 837 543 42
1505 294 796 42
923 904 341 42
5496 284 147 403
3424 38 474 807
6594 657 299 737
4273 528 160 675
1515 403 799 42
9267 956 623 938
4627 437 80 472
435 663 162 129
8951 447 623 855
4766 98 12 456
4335 442 154 472
7721 746 217 477
4980 808 115 349
8379 429 596 357
6850 718 134 756
8908 906 623 770
5199 284 6 322
7997 889 418 477
6113 699 465 569
4361 7 122 472
8992 716 623 731
7702 817 306 477
1742 245 866 155
1559 934 856 42
1583 873 866 107
8658 345 623 475
4254 972 160 639
8579 989 623 494
9386 289 686 964
4391 679 160 564
1250 107 635 42
8743 467 623 639
4201 14 160 641
1690 192 946 159
8082 960 479 477
6143 938 465 546
1996 900 978 202
5939 551 439 436
4331 441 160 505
4266 583 160 671
6888 979 134 794
1885 196 978 277
1643 439 866 50
5956 917 439 429
9156 327 623 926
7664 240 227 477
2720 760 890 674
7022 622 21 791
2694 312 840 601
7686 857 260 477
6365 115 441 737
1379 432 723 42
7638 770 93 477
8166 8 534 442
7287 771 21 644
6651 916 249 737
1300 824 681 42
9267 835 776 964
1542 971 866 101
4630 772 12 468
2056 284 978 286
7795 784 235 477
1145 345 485 42
5143 677 56 309
985 812 477 42
7118 792 21 730
1983 389 978 211
7272 660 21 678
3423 331 545 807
4693 639 17 472
8475 43 623 360
4695 3 12 471
7709 128 168 477
4882 696 12 356
7937 667 370 477
5381 966 45 403
2214 92 978 361
4588 381 138 472
3541 819 525 807
7777 648 274 477
7272 128 21 657
3452 777 611 831
1260 468 581 42
8020 400 380 477
1794 592 866 152
5535 506 129 403
6496 456 405 737
1949 109 978 322
1187 726 707 42
6329 0 435 737
5705 130 276 403
7092 373 21 690
1358 146 694 42
4818 995 32 350
3916 938 336 747
2082 866 978 277
3044 0 825 831
6877 842 113 798
3141 484 843 831
7015 63 82 798
7564 862 105 477
5410 174 28 403
2976 465 890 788
9266 170 623 961
4693 157 20 472
6464 12 315 737
8610 994 623 590
7871 198 472 477
506 433 174 74
4352 25 160 522
6788 694 189 737
4544 379 17 472
883 414 410 42
662 154 247 42
5747 451 439 462
4633 918 12 454
8917 687 623 773
5426 950 148 403
4523 441 49 472
996 52 388 42
5238 452 6 394
1631 305 866 134
2045 822 978 374
2580 393 840 499
3059 101 882 831
2724 507 843 638
476 831 157 129
273 604 1 184
671 77 174 68
7141 255 21 686
7749 772 276 477
9412 638 710 964
5777 503 368 403
3640 350 487 807
3349 352 618 831
2725 93 840 622
8366 812 623 368
3603 687 448 794
327 224 109 129
4850 317 115 338
8936 625 623 745
3729 110 337 747
3321 218 570 831
7285 923 21 545
8339 103 534 359
3680 646 449 807
9353 358 659 964
7949 617 454 477
2753 751 890 691
4125 582 189 726
8416 73 623 457
8922 93 623 699
2623 92 840 529
1965 128 978 183
7156 724 21 562
7535 369 109 477
2389 377 851 468
4352 999 160 602
936 707 376 42
9426 596 782 964
2080 837 978 334
5057 800 115 338
3589 285 448 786
7224 304 21 715
6853 544 37 798
4291 8 160 594
5044 939 114 350
8532 890 623 532
1542 873 866 77
8380 913 549 357
5381 295 46 403
1674 556 917 159
5508 941 147 403
5545 672 224 403
3362 905 657 831
8076 229 432 477
7573 481 101 477
453 401 174 114
777 390 330 42
8332 385 583 357
3707 56 338 747
9222 330 623 914
3040 848 882 831
6106 137 465 529
5816 70 440 484
7718 115 233 477
3966 218 192 726
1153 443 557 42
2344 437 911 408
4868 56 111 309
8989 537 623 838
1267 621 607 42
6200 18 465 733
5788 864 344 403
6877 224 44 798
7521 632 52 477
9266 62 623 957
6678 597 195 737
7625 611 181 477
7583 409 130 477
3442 114 561 810
4980 32 82 350
3250 529 736 831
8613 913 623 458
2969 731 890 750
9068 819 623 844
9366 492 760 964
698 570 174 43
1295 375 658 42
5008 534 101 309
5250 833 6 392
393 573 21 129
4701 62 25 472
847 188 424 42
4577 877 147 472
8250 238 534 380
6746 457 134 762
4273 916 160 629
4261 863 160 526
9330 702 724 964
3459 530 496 807
4187 521 160 710
3297 840 687 831
5505 227 190 403
1947 816 978 343
987 245 412 42
7828 261 251 477
4731 848 12 432
9195 903 623 954
414 25 127 129
8891 151 623 668
7596 853 96 477
6007 392 444 484
3070 329 757 831
2347 667 911 433
3495 956 591 831
3650 950 448 756
4743 597 12 391
6782 263 142 737
1517 767 866 55
750 538 334 42
6493 842 340 737
8484 288 615 357
2779 7 890 770
7528 957 21 477
3755 627 279 747
6546 975 344 737
9183 500 670 964
6934 50 94 798
7422 493 21 497
7750 349 319 477
4509 323 135 472
5578 671 179 403
3246 85 786 831
6241 762 465 641
4958 622 115 349
9119 53 623 920
3343 504 662 831
7846 244 298 477
6660 308 217 737
5216 667 6 330
5459 856 169 403
9042 20 623 788
5941 658 465 520
656 529 174 53
9266 146 639 964
5732 616 359 403
6877 353 134 766
8840 363 623 631
3116 856 777 831
462 892 71 129
7335 495 21 570
813 223 289 42
7639 503 160 477
2564 793 840 500
7250 862 21 628
4949 949 65 350
4279 370 160 663
2710 629 847 638
3414 821 600 831
8932 679 623 712
4028 899 170 726
5194 603 6 313
5588 414 284 403
565 28 157 129
3624 737 492 807
9122 233 623 884
1240 981 559 42
7067 351 21 749
903 790 367 42
4163 843 160 668
5374 191 75 403
4756 780 12 441
4299 720 160 542
5940 703 439 418
903 370 320 42
912 124 319 42
2715 570 840 611
7470 16 97 477
4059 411 165 726
668 389 174 55
2265 950 911 429
3901 692 225 741
8726 113 623 609
9359 498 837 964
615 108 174 85
992 872 412 42
6635 697 208 737
5952 553 439 458
2665 733 840 599
3460 427 538 807
6198 534 465 646
4888 746 50 350
8675 211 623 494
6211 980 465 640
2675 397 840 631
4608 413 12 411
7967 581 451 477
1105 586 574 42
8661 663 623 599
9169 767 632 964
5930 488 439 450
854 853 298 42
8387 885 623 464
3375 670 534 807
7061 971 21 692
4406 59 160 584
9372 779 729 964
4737 966 12 447
9233 809 703 964
9440 425 837 964
7881 123 334 477
7719 989 235 477
185 933 1 132
7094 208 21 620
3731 523 448 794
5057 45 115 334
6334 167 465 657
2227 844 978 361
4132 68 160 665
2813 895 890 700
4389 738 160 496
5640 569 360 403
4449 598 144 472
1462 810 791 42
3012 538 814 831
5433 805 46 403
770 391 271 42
6599 295 304 737
4269 24 160 663
1866 843 978 189
2616 166 890 644
6741 915 134 764
623 373 214 42
3596 474 542 807
7881 351 359 477
8733 749 623 569
5716 545 348 403
6267 495 465 668
615 675 174 64
2893 223 890 725
557 661 174 128
2631 277 848 638
2229 608 907 468
7708 632 193 477
436 158 164 129
937 481 383 42
1467 615 742 42
1559 755 865 42
1440 922 866 59
6591 952 184 737
8858 703 623 653
4005 863 160 718
5935 63 432 403
1174 742 554 42
5226 740 27 403
4211 228 160 629
4459 839 160 494
8481 273 623 359
1506 773 844 42
8183 941 534 461
5954 46 465 499
5129 435 36 309
3761 846 422 747
7209 681 21 647
7420 592 21 561
7060 506 52 798
8402 974 556 357
5945 881 439 419
592 239 177 42
6832 791 134 746
4953 418 115 324
7718 128 175 477
2045 466 978 322
5174 513 6 387
2790 165 881 638
2583 841 840 615
5899 255 439 447
3661 105 448 789
3373 77 670 831
2401 78 840 496
531 485 174 67
7241 824 21 620
6068 747 446 484
735 217 210 42
8988 638 623 733
6015 559 465 514
4196 237 160 689
5553 871 174 403
8070 595 419 477
7335 753 21 542
4293 223 160 616
5280 166 111 403
683 671 174 53
9523 616 871 964
7267 939 21 673
4727 119 12 408
1728 678 866 149
9055 976 623 932
6625 6 169 737
9359 620 659 964
4943 915 109 309
2307 658 870 468
7163 680 21 611
6250 681 465 673
4207 682 160 648
5487 615 102 403
4326 819 160 583
5836 848 405 403
3048 327 855 831
6466 359 421 737
8291 758 534 420
4634 451 16 350
1049 628 449 42
3395 423 567 831
3005 707 890 803
1993 48 978 202
8614 385 623 529
7736 254 366 477
3898 667 329 747
6660 851 139 737
6904 920 116 798
1462 822 866 49
9434 707 763 964
6073 195 465 496
2482 696 874 468
5322 126 117 403
3387 564 681 831
6090 416 465 582
8001 96 382 477
5988 758 439 431
8282 177 534 402
6909 54 114 798
8271 804 534 431
748 563 297 42
1366 723 679 42
6096 121 465 552
3732 945 448 794
4441 714 124 472
6152 355 465 646
2767 518 865 638
9042 486 623 960
561 571 154 129
9361 524 714 964
3559 954 523 807
9169 813 623 923
7516 529 49 477
1029 322 396 42
783 605 327 42
1577 211 815 42
4890 263 56 350
805 754 295 42
4929 661 64 350
5096 436 11 309
5298 953 83 403
2051 246 978 238
1665 732 866 104
7685 206 211 477
3573 684 550 807
5241 357 13 403
5421 243 223 403
7612 237 130 477
3816 990 340 747
2853 453 890 665
4409 249 105 472
7073 970 21 676
554 99 174 80
2579 302 840 532
3818 698 402 747
6229 574 465 604
5478 31 246 403
1753 50 883 159
306 820 22 129
9008 699 623 812
9234 298 623 917
4551 526 134 472
5229 428 6 353
7921 317 472 477
6910 664 61 798
6215 746 465 630
1088 475 549 42
1579 692 866 143
4156 924 178 726
3646 580 395 747
7057 892 49 798
8246 842 534 376
5998 738 465 509
4717 947 12 464
4319 5 160 605
6135 412 465 569
1662 111 866 47
5548 187 296 403
5855 458 420 403
2199 0 926 399
9471 400 741 964
2484 508 840 496
1858 42 940 159
4923 833 103 350
4406 593 160 541
6549 116 381 737
6916 732 113 798
4394 47 156 472
5319 465 14 403
9333 456 655 964
699 793 175 42
4224 706 160 557
2217 36 970 395
1278 252 584 42
8615 427 623 551
5727 580 439 403
2995 818 840 831
5799 644 439 454
3894 471 252 747
2517 903 840 517
4821 612 12 366
875 912 450 42
3253 960 728 831
7991 570 383 477
991 669 501 42
6623 293 292 737
3592 509 547 807
3129 150 851 831
7253 425 21 573
6916 978 134 797
9156 911 623 858
4498 145 160 486
3039 890 787 831
1627 446 866 60
9148 203 623 844
1266 660 574 42
3812 924 415 747
6387 910 421 737
1511 406 803 42
8279 510 534 389
4401 917 160 562
8301 955 554 357
3742 574 448 771
4839 626 29 350
4441 384 160 478
7700 324 293 477
8484 189 623 367
3922 852 360 747
4411 235 160 515
5128 962 20 309
2661 104 840 584
1512 8 837 42
1444 424 713 42
5080 502 115 332
8950 792 623 755
6822 842 134 777
8329 909 561 357
9000 385 623 818
335 587 43 129
8191 438 534 373
8764 211 623 560
9053 781 623 790
2693 583 840 591
8297 643 623 371
284 822 76 129
3771 897 435 747
9498 316 786 964
6509 516 346 737
876 227 373 42
1589 920 866 53
4612 190 87 472
3860 847 328 747
2180 349 912 399
243 831 1 147
9203 570 623 906
3703 849 448 782
5914 239 439 477
8854 520 623 649
1811 478 956 159
3202 668 781 831
2132 280 978 338
6837 917 138 737
7060 241 21 659
8590 256 623 548
7105 658 21 647
314 223 2 129
1818 412 931 159
3776 493 404 747
1158 439 510 42
9200 553 623 940
738 938 209 42
816 28 259 42
4682 891 12 466
6945 432 82 798
2956 288 890 724
928 33 520 42
4590 845 77 472
8414 885 623 485
677 154 258 42
4401 905 160 549
8826 831 623 687
9176 462 623 875
5930 612 439 438
5602 749 211 403
1068 291 500 42
6515 180 311 737
6382 334 465 712
6272 505 465 610
5377 921 87 403
5329 131 175 403
6958 704 116 798
5814 657 379 403
5236 259 6 375
7580 509 53 477
4919 474 17 350
6979 132 86 798
8733 381 623 529
9177 674 623 870
6465 634 382 737
6750 302 184 737
7415 975 21 530
1883 198 978 304
5848 638 368 403
6073 543 465 575
4426 417 160 562
3958 959 160 722
4185 730 172 726
1807 811 890 159
6894 377 70 798
2939 26 890 740
6178 637 465 553
5161 92 65 309
4399 896 160 548
6981 608 21 718
7796 967 334 477
3694 246 462 807
749 189 211 42
1132 358 479 42
2112 806 978 287
1315 813 677 42
5268 799 52 403
6927 576 134 791
8236 903 534 389
4142 298 207 726
2196 200 920 399
4607 45 109 472
4020 83 197 726
9520 133 882 964
4301 734 160 627
6047 649 465 492
2099 384 978 345
6842 701 113 798
779 697 319 42
1350 476 673 42
9015 887 623 884
5662 640 298 403
7447 432 21 482
4381 493 160 537
2399 351 875 468
8163 876 487 477
3482 847 552 807
2985 176 890 773
6641 684 299 737
2705 639 840 621
1539 546 849 42
5302 606 20 403
3173 893 819 831
4753 441 25 350
5297 605 57 403
3127 344 801 831
1408 279 844 42
5386 503 75 403
4789 691 12 394
5115 950 6 312
3675 445 448 800
7719 386 238 477
367 889 42 129
1342 78 776 42
7035 491 23 798
8730 386 623 611
9323 615 648 964
7621 837 166 477
6728 981 244 737
6725 969 189 737
3257 581 666 831
9512 876 771 964
1463 763 864 42
1552 504 839 42
5318 580 132 403
1250 632 608 42
3967 69 212 726
5228 405 6 349
4218 876 162 726
7678 835 311 477
5635 473 386 403
6295 844 465 631
384 891 61 129
5469 447 234 403
2823 528 881 638
8790 515 623 587
9359 395 790 964
1172 794 577 42
1905 533 978 209
2501 650 840 490
6688 862 211 737
3771 127 444 747
3657 50 448 800
3527 836 503 807
6949 879 105 798
5659 297 286 403
3838 276 365 747
5266 842 6 400
3197 863 653 831
5361 647 194 403
9155 58 628 964
3828 998 391 747
7517 611 100 477
616 998 174 87
3201 62 791 831
9131 905 623 869
2290 790 911 404
1130 351 555 42
8504 702 623 446
7769 572 253 477
2048 724 949 399
5206 168 6 333
9264 465 642 964
1621 473 913 159
869 479 301 42
1250 571 584 42
5742 154 402 403
8558 548 623 542
5662 580 390 403
9286 331 735 964
7822 76 332 477
2939 628 890 743
1029 354 436 42
8469 842 623 416
8584 190 623 450
5162 957 68 309
4136 113 160 704
4321 637 160 638
4186 211 177 726
6328 762 465 706
8007 472 430 477
1653 751 873 159
329 40 1 135
5753 26 320 403
6292 881 465 653
6624 117 318 737
1546 258 807 42
1279 936 601 42
440 935 130 129
3451 82 575 831
9397 927 724 964
1197 541 607 42
3048 536 771 831
4882 885 92 309
3478 308 554 807
9149 967 623 963
3264 330 754 831
8719 108 623 563
2376 339 840 499
8765 695 623 561
1857 48 919 159
3083 619 729 831
9344 925 663 964
2008 536 978 358
4788 22 12 449
982 587 441 42
8732 435 623 593
3064 873 802 831
1269 536 739 42
2440 472 868 468
4701 458 12 453
9177 33 721 964
3576 455 448 794
3057 766 810 831
7888 171 333 477
4267 764 160 585
5129 852 99 309
3207 851 655 831
4424 822 109 472
2612 38 890 662
4900 785 98 309
7037 507 29 798
1153 10 538 42
9049 588 623 834
5339 975 14 403
5588 801 295 403
9060 957 623 783
4172 127 165 726
5842 61 368 403
7817 76 328 477
8369 120 569 357
1494 791 790 42
3117 402 834 831
525 955 174 114
5487 861 120 403
2106 858 978 383
9036 556 623 911
2732 323 863 638
5937 508 439 468
8734 335 623 569
1184 850 640 42
8453 48 604 357
4059 927 225 744
3598 762 492 807
5020 41 50 309
7326 140 21 487
1511 178 791 42
2861 77 890 666
7509 798 50 477
4020 573 274 747
9101 674 623 813
2711 218 890 692
7094 332 21 698
4386 168 160 539
7047 88 27 798
4960 242 23 309
6061 403 465 492
2830 182 890 691
1466 365 866 67
2980 25 880 831
7389 41 40 477
355 774 23 129
5961 292 439 414
2141 634 978 357
4520 739 62 472
2051 464 978 376
1586 715 866 131
4607 388 77 472
2852 633 890 719
8958 232 623 776
2148 238 978 377
5805 96 339 403
2682 655 840 589
8656 638 623 484
504 830 167 129
972 613 527 42
2147 539 925 399
4553 195 130 472
404 987 108 129
8191 678 534 449
8758 470 623 714
6359 785 350 737
6720 759 161 737
4726 12 12 363
7345 942 46 477
8454 645 623 498
3225 891 740 831
1509 646 791 42
3534 663 469 807
1288 162 754 42
4620 929 12 399
2984 638 890 751
3437 314 561 807
5180 181 6 342
2253 547 965 396
1740 661 866 150
8442 529 623 357
2753 657 866 638
8754 689 623 663
9362 503 726 964
5460 229 74 403
8478 203 607 357
2005 741 978 286
1938 202 978 248
7315 745 21 601
4178 195 160 723
4567 36 102 472
2730 382 840 607
7019 756 21 797
9426 79 723 964
9293 965 729 964
1196 690 731 42
7436 784 21 532
375 242 174 105
7219 528 21 707
2838 511 890 781
3677 642 441 747
1524 972 829 42
3224 632 756 831
8364 488 587 357
710 971 301 42
5693 228 342 403
4167 408 160 684
4230 509 160 716
6866 390 83 798
2664 711 890 677
631 364 174 59
1564 865 832 42
6241 971 465 733
7911 473 489 477
5561 211 148 403
4688 792 12 459
2797 434 890 767
5203 993 27 403
8342 696 534 367
5498 985 255 403
2568 685 840 565
3355 483 624 831
8525 427 623 484
810 646 267 42
6680 444 134 741
6558 89 288 737
8086 53 532 477
1211 24 559 42
7964 456 355 477
490 715 174 83
5470 44 90 403
2918 657 890 738
951 191 412 42
3095 769 825 831
6001 614 465 492
3417 556 527 807
3491 205 564 831
9132 991 623 945
2782 766 890 704
8230 572 534 411
6353 2 465 721
4029 841 176 726
3338 204 662 831
8873 379 623 788
5305 356 6 379
6111 74 465 562
2213 47 911 408
3885 12 259 747
8961 518 623 737
9273 294 636 964
7557 699 110 477
5944 600 439 456
3644 938 480 807
3706 992 448 797
2515 657 840 486
8216 368 534 398
6255 662 465 610
8471 366 623 379
764 121 270 42
1125 650 532 42
2724 976 890 705
5130 93 72 309
8159 807 499 477
1808 321 978 185
3773 595 448 772
7269 612 21 623
7434 950 50 477
5854 494 439 433
5067 617 21 309
383 35 39 129
2428 870 869 468
4951 50 96 350
6669 204 238 737
7792 274 290 477
7810 947 260 477
7361 477 21 591
1604 861 863 42
1447 157 748 42
3903 934 315 747
9500 709 856 964
1189 779 578 42
5215 723 6 309
1673 650 866 119
5270 875 71 403
5572 302 196 403
8603 785 623 606
1323 728 676 42
2732 230 840 635
3704 77 448 805
4328 432 160 581
1545 582 826 42
768 548 345 42
1427 387 723 42
4098 474 225 747
7930 579 323 477
3898 630 288 747
8392 75 623 401
352 582 18 129
1826 926 925 159
3989 942 162 726
3520 729 527 807
3887 48 369 747
4276 456 160 667
6856 388 134 765
4508 340 160 483
6844 579 151 737
3602 172 448 760
490 494 174 114
9344 501 757 964
8650 727 623 593
9477 856 852 964
2452 638 905 468
9022 482 623 886
8101 979 493 477
5063 331 19 309
5921 989 439 455
5036 996 66 309
3067 414 796 831
5159 283 8 309
6879 95 41 798
7722 784 180 477
1972 249 978 334
2940 697 890 815
4445 728 160 497
8627 114 623 548
4558 957 152 472
2014 42 978 238
8364 745 563 357
3195 978 790 831
4634 126 12 407
3998 830 228 747
7059 62 32 798
7147 795 21 728
5711 380 399 403
5093 106 8 309
1651 697 866 149
1371 336 691 42
3362 300 644 831
4847 694 12 390
3373 790 625 831
6434 461 315 737
7575 259 128 477
5555 827 208 403
7482 394 21 479
6032 820 465 513
6221 335 465 612
3300 202 639 831
8424 381 563 357
4760 967 14 350
4136 671 197 726
488 841 174 98
8859 162 623 787
2152 496 931 399
6675 673 226 737
1385 869 837 42
367 442 160 129
514 441 174 68
1843 764 978 176
7784 250 307 477
197 447 22 129
5214 204 6 331
8205 869 573 357
1571 781 823 42
4589 856 32 472
9090 983 623 808
8767 512 623 652
5026 677 115 338
3246 129 768 831
5200 486 69 403
1101 263 516 42
7548 372 38 477
8298 228 572 357
5198 687 6 371
4917 982 42 350
6565 716 362 737
7575 870 114 477
4779 790 12 390
1782 652 952 159
3959 444 201 726
2850 462 890 651
6568 27 321 737
2325 393 930 399
8801 621 623 613
3324 659 571 831
884 597 378 42
660 576 174 77
2283 521 935 399
6090 178 465 508
1409 384 763 42
3595 915 448 775
7141 764 21 671
2524 681 840 522
3103 542 890 830
4562 446 118 472
1850 785 978 250
1071 639 469 42
4382 509 160 602
4268 550 160 679
5806 121 396 403
4951 899 101 309
2335 584 911 468
5472 50 134 403
2230 101 968 395
3362 999 674 831
2631 747 840 530
6668 785 134 752
3486 910 547 807
9425 738 810 964
7150 583 21 749
6557 323 314 737
5184 761 6 333
6360 608 346 737
1930 719 978 252
628 834 206 42
3420 673 593 831
1612 509 836 42
2830 249 890 790
3686 548 395 747
1100 357 562 42
1461 666 763 42
8287 875 610 357
1320 429 681 42
3974 769 250 747
3154 482 714 831
7862 343 260 477
9431 610 916 964
1171 29 592 42
7049 528 57 798
5722 458 321 403
2564 804 840 484
3725 295 448 768
6101 513 465 623
6001 265 439 462
2577 511 840 635
4879 621 14 350
4395 438 154 472
3709 256 396 747
5727 484 286 403
8797 272 623 718
7128 394 21 744
8509 877 623 360
6249 725 465 700
6302 730 465 648
7573 619 223 477
1559 5 841 42
3491 595 600 831
9030 40 623 788
5623 420 221 403
711 32 182 42
895 709 388 42
8115 913 470 477
5340 590 30 403
8514 128 623 386
2546 320 840 586
5637 819 261 403
6828 932 173 737
6091 195 465 510
3320 162 567 831
3163 122 840 831
4741 406 12 438
8421 294 604 357
9398 760 820 964
2954 176 890 750
8537 451 623 600
5666 638 231 403
7181 510 21 700
6103 129 465 502
5801 91 419 403
6941 443 81 798
4240 110 160 541
2133 58 965 399
4067 13 171 726
4729 550 21 472
9159 347 644 964
2708 520 840 610
2442 407 911 461
8273 681 534 362
123 433 1 188
4196 368 160 659
2586 367 840 549
8512 293 623 398
6252 498 426 737
8724 400 623 522
696 2 195 42
8068 650 481 477
1646 622 866 110
3598 483 465 807
8538 848 623 441
3732 25 400 747
5835 678 398 403
6629 257 298 737
8537 974 623 392
2364 140 840 474
833 572 310 42
706 352 244 42
8020 232 459 477
867 732 329 42
8009 572 433 477
5340 202 81 403
7847 86 316 477
6810 181 134 774
1884 188 978 266
2770 837 890 663
4157 493 160 705
3521 540 470 807
8668 46 623 607
6326 641 421 737
8347 470 623 406
4631 148 12 431
6567 168 307 737
579 717 174 116
6083 83 465 583
4226 102 160 611
6725 795 206 737
1226 507 592 42
8910 162 623 825
9472 854 748 964
4176 874 160 640
9055 750 623 819
4227 524 160 665
2251 327 920 399
5295 174 6 339
2278 231 973 395
1813 409 945 159
5165 911 62 309
6436 449 407 737
3107 144 824 831
765 768 200 42
1265 970 724 42
8898 439 623 670
8911 450 623 784
7814 113 311 477
7865 469 349 477
3600 637 532 807
6552 319 352 737
4513 450 73 472
9083 291 623 866
8581 732 623 470
9440 706 885 964
5031 282 115 322
2625 230 840 555
962 758 352 42
7975 759 439 477
4092 817 160 658
7626 754 152 477
919 356 348 42
8263 225 534 360
3589 118 529 807
5308 876 6 346
4920 389 47 350
7019 794 21 794
7747 103 208 477
401 109 174 118
4137 603 171 726
5594 939 174 403
4419 327 160 497
354 604 6 129
8259 690 623 383
3450 261 618 831
2323 209 911 444
1043 229 416 42
1326 329 779 42
1051 296 433 42
4550 831 78 472
9152 277 624 964
4675 480 12 423
3719 864 448 780
6470 603 391 737
6861 845 134 782
859 881 295 42
2275 803 954 399
9488 382 763 964
735 328 215 42
8909 823 623 665
2325 172 872 468
8423 637 574 357
9426 105 776 964
3999 993 170 726
7035 529 32 798
1942 96 978 161
3352 369 613 831
5385 570 33 403
4932 544 71 309
7622 334 100 477
3803 644 280 747
1560 501 866 81
1595 565 866 64
3350 427 597 831
1138 231 480 42
9328 265 663 964
2487 621 859 468
211 110 40 129
6928 822 21 784
799 982 256 42
424 590 85 129
4915 2 57 350
4937 470 79 309
5782 875 439 419
5789 749 351 403
1021 874 509 42
6812 741 134 779
3526 475 491 807
5415 29 120 403
585 527 174 110
3600 848 486 807
7726 674 168 477
3668 156 448 770
7357 600 21 550
1714 327 872 159
7041 178 41 798
5889 257 411 403
5440 279 213 403
2439 985 840 541
6475 119 352 737
1782 951 901 159
1815 261 883 159
4037 220 264 747
3117 263 816 831
7959 361 349 477
8671 557 623 511
1878 352 978 187
4103 584 160 719
7112 74 21 726
3850 15 270 747
1940 251 978 310
3954 812 225 747
5720 711 438 403
761 668 232 42
8873 394 623 676
1123 989 547 42
269 977 59 129
516 555 194 42
1965 730 978 176
2020 41 978 337
9020 343 623 743
4564 309 12 435
6264 404 465 610
764 221 244 42
2002 812 978 304
4179 408 160 675
1853 993 978 234
4396 189 160 569
2740 458 867 638
7647 182 169 477
4249 474 160 699
2052 335 978 266
1244 881 584 42
8442 524 623 366
6537 377 277 737
6987 46 21 765
8762 513 623 691
9439 633 797 964
1968 513 978 304
5386 348 159 403
6573 527 322 737
4789 438 43 350
6228 220 465 590
3077 730 890 822
5938 540 465 494
8599 690 623 638
500 468 98 129
8104 798 496 477
7378 292 21 589
6094 256 465 604
3603 818 448 767
4243 58 160 585
4454 811 160 523
782 516 277 42
3210 917 784 831
967 338 441 42
3100 691 842 831
9324 178 665 964
1614 853 866 44
3756 185 348 747
5879 729 439 420
8719 547 623 549
7339 269 21 507
7166 997 21 749
6862 568 83 798
790 800 228 42
4932 351 104 350
7650 588 171 477
9219 628 623 932
5704 460 303 403
718 237 218 42
7432 807 21 544
2124 879 978 319
3633 491 464 807
5716 970 408 403
3204 809 677 831
2859 229 890 654
2979 707 890 784
2816 718 890 654
3786 826 448 749
2100 274 978 344
3590 422 504 807
4477 268 119 472
5793 274 395 403
4211 852 165 726
5089 134 105 309
653 857 244 42
7522 957 21 482
4858 963 12 372
7068 459 41 798
3321 773 639 831
2126 510 978 329
7537 44 37 477
2379 939 911 414
2727 538 890 692
9056 166 623 953
3526 528 564 831
1519 783 866 113
4807 31 96 350
7918 521 345 477
6242 520 465 618
253 698 1 190
6601 498 164 737
3086 289 890 823
1233 248 598 42
8839 718 623 650
1758 584 921 159
4748 591 12 350
2841 369 890 724
370 582 31 129
6720 67 134 739
505 8 169 129
1523 80 839 42
2117 633 978 355
2981 454 890 812
2936 145 890 734
4882 132 18 350
2841 280 890 682
1109 420 490 42
7653 446 145 477
1696 819 866 136
1838 289 894 159
7272 648 21 602
3249 679 750 831
780 550 220 42
2073 619 955 399
3409 493 595 831
5012 12 58 309
3792 356 426 747
6383 597 416 737
3752 673 428 747
4591 52 119 472
4093 995 160 725
2718 264 840 631
1137 445 524 42
457 461 174 95
3240 930 685 831
9004 600 623 797
4768 382 12 454
1959 922 978 336
2421 641 840 495
3602 667 491 807
8880 434 623 809
2252 469 914 399
8742 566 623 534
2535 871 840 491
7923 335 346 477
8905 501 623 769
8956 917 623 725
3193 845 765 831
4442 629 160 497
1398 562 677 42
5099 223 68 309
2518 819 840 502
8357 447 623 410
4317 847 160 572
7917 261 318 477
1673 29 866 145
5594 723 195 403
6145 171 465 568
7537 786 90 477
2370 219 911 408
6682 612 226 737
4011 339 160 716
4657 857 12 416
8745 554 623 580
3060 564 890 794
7321 69 21 503
4293 690 149 472
4861 828 12 392
7456 256 83 477
2051 678 978 279
7468 732 21 477
6743 306 134 792
4984 527 103 350
5208 417 32 309
6180 602 463 737
6968 425 21 787
7213 645 21 544
5850 10 405 403
1505 563 865 42
4973 124 63 350
2162 631 978 316
1153 9 569 42
5615 789 195 403
2222 766 911 405
8160 166 547 357
680 123 192 42
1280 143 708 42
4048 769 216 726
3605 423 448 793
8328 340 534 372
5766 483 374 403
608 299 243 42
4510 562 160 504
5003 137 115 347
7264 69 21 546
5312 510 6 397
7943 315 530 477
4750 57 12 445
7124 510 21 743
557 405 174 111
452 709 143 129
7216 857 21 590
5226 603 6 337
3628 528 512 807
1117 244 510 42
249 35 1 191
836 697 361 42
6347 117 465 676
4513 280 143 472
2485 266 840 490
4730 314 12 386
7553 961 85 477
4209 118 160 711
4706 787 40 472
5737 611 369 403
2261 609 911 421
5058 759 62 309
7995 703 391 477
3503 199 450 807
8955 639 623 737
9462 110 905 964
3762 54 423 747
1385 431 720 42
5020 326 94 350
8927 914 623 740
2367 488 911 465
3414 791 614 831
6384 524 451 737
6317 470 390 737
2646 811 840 562
5009 355 66 309
8822 852 623 598
3550 9 501 807
9407 745 738 964
5552 218 292 403
7894 763 428 477
6296 936 465 646
2470 302 857 468
5425 120 85 403
8581 284 623 471
2686 722 840 564
385 319 28 129
1924 836 978 227
6716 928 235 737
7363 672 21 514
5812 369 421 403
7518 878 25 477
7441 501 57 477
7948 807 340 477
9468 61 756 964
7879 709 367 477
3215 192 637 831
6793 101 156 737
299 921 21 129
7152 26 21 732
8300 437 534 392
6821 604 149 737
5971 174 439 413
803 405 289 42
3456 899 518 807
7413 113 21 487
7615 114 175 477
3837 539 273 747
6514 264 367 737
8364 332 623 366
8086 593 475 477
200 701 1 158
7011 928 74 798
5710 824 333 403
3444 156 561 825
8035 413 534 446
3340 539 562 831
2560 448 840 575
2269 912 886 468
4386 187 124 472
6752 103 198 737
8607 775 623 485
3673 749 449 807
6577 750 313 737
4759 435 12 405
1777 169 866 131
8517 957 623 376
7593 13 164 477
7528 836 107 477
7977 891 409 477
5125 238 26 309
6999 873 21 763
9008 38 623 938
4673 546 12 464
2435 529 884 468
6086 277 465 594
6787 893 182 737
7303 519 21 617
966 338 440 42
1915 82 978 181
4044 974 261 747
5666 520 248 403
1189 548 661 42
6547 531 193 737
9046 494 623 873
5384 388 54 403
5448 88 98 403
6816 140 92 798
5538 839 175 403
7809 113 307 477
2516 659 840 593
8131 963 487 477
8412 158 623 414
4796 846 12 381
8395 19 601 357
1194 329 680 42
8769 656 623 557
1125 503 534 42
7664 156 195 477
410 741 112 129
6285 546 465 691
1841 452 978 168
9262 664 696 964
7759 792 248 477
624 732 174 68
6482 360 355 737
789 980 291 42
6975 176 89 798
1405 681 757 42
237 630 1 147
5401 545 111 403
7300 371 21 625
4982 416 104 309
6635 91 219 737
5196 560 46 309
6820 867 97 798
4490 318 160 488
7441 379 100 477
7880 307 291 477
9178 658 678 964
7174 876 21 752
441 487 71 129
3483 147 597 831
693 376 199 42
2551 762 840 517
4584 574 116 472
206 672 1 168
4536 370 158 472
2840 200 890 752
4797 369 13 350
7256 573 21 675
3612 966 495 807
3444 470 495 807
5803 740 439 424
4263 715 160 553
1814 629 930 159
2284 731 952 399
8533 349 623 520
5994 198 465 607
4560 536 12 456
5115 179 89 309
6534 83 280 737
1708 83 901 159
5261 485 41 403
4344 694 160 619
970 465 407 42
3328 1 663 831
4870 113 60 350
3852 501 304 747
1366 615 666 42
4401 391 160 521
7019 500 21 723
7148 330 21 753
8939 969 623 745
2014 769 978 272
5222 633 6 362
596 800 169 129
2837 283 890 698
5618 826 198 403
308 26 1 151
8577 462 623 425
1225 580 718 42
775 867 349 42
8865 726 623 821
5590 675 228 403
5451 591 186 403
1563 916 853 42
6984 86 52 798
2488 750 842 468
6637 282 270 737
911 847 388 42
3173 826 825 831
4323 982 160 617
8598 53 623 530
7648 427 212 477
7012 74 24 798
7171 723 21 723
7454 194 136 477
1136 459 489 42
8153 86 534 465
1737 416 917 159
659 497 261 42
9420 804 714 964
2125 896 978 326
3689 830 448 758
4013 879 256 747
6265 795 465 650
8482 312 623 371
7858 900 276 477
1138 412 538 42
7012 803 68 798
2195 764 936 399
1576 297 866 55
4614 487 89 472
1292 9 673 42
8118 214 534 430
4049 414 165 726
4959 975 82 350
8871 443 623 701
8473 112 623 447
5481 505 78 403
801 290 286 42
9111 0 623 925
5157 865 45 309
1574 593 850 42
9451 38 929 964
6508 886 368 737
586 568 189 42
3917 428 301 747
6236 604 465 613
3409 958 645 831
3580 529 513 807
6033 683 447 484
6612 359 312 737
1736 616 900 159
9521 213 828 964
5879 144 439 408
4421 569 103 472
824 968 392 42
7279 139 21 606
4725 325 12 430
2849 430 890 749
663 278 282 42
7572 590 100 477
8286 268 562 357
7076 49 25 798
4215 893 160 708
4283 311 160 670
3488 871 564 831
6935 297 81 798
9388 624 798 964
4038 729 219 726
5619 76 284 403
1590 935 866 81
425 602 174 76
4010 247 192 726
222 251 45 129
4906 628 40 350
7396 691 21 532
1213 850 661 42
8043 323 460 477
6685 725 174 737
7521 377 121 477
6571 326 359 737
8561 628 623 438
6632 695 312 737
4743 465 12 426
6220 874 465 691
9399 380 834 964
2903 540 890 811
6349 936 465 686
7334 240 21 518
1039 724 607 42
604 637 174 126
6509 226 385 737
4995 131 6 322
7534 428 81 477
4896 767 111 350
632 525 174 74
8034 546 461 477
5394 781 36 403
8024 615 400 477
2589 753 840 581
8217 70 598 357
5062 694 115 331
7418 180 25 477
7932 689 433 477
3450 170 600 831
2932 686 890 713
2120 58 970 395
7976 469 432 477
1824 495 936 159
3123 397 803 831
3240 858 675 831
3415 392 608 831
6675 323 226 737
5356 141 125 403
8153 9 534 450
1652 571 866 62
6389 524 447 737
6805 943 134 771
3145 447 699 831
1456 848 775 42
715 482 301 42
4844 868 12 380
8619 895 623 533
8771 836 623 653
621 361 174 110
211 619 48 129
5860 272 439 469
9111 441 623 950
1197 46 649 42
6834 146 134 753
5324 265 6 388
6701 574 243 737
933 963 348 42
4304 227 160 571
5042 793 115 334
3745 214 369 747
5436 735 172 403
3062 434 754 831
6246 498 430 737
3966 590 273 747
479 863 174 62
1195 365 688 42
2578 815 840 580
8643 341 623 465
5222 683 6 317
3073 22 890 804
2018 941 978 249
2429 635 871 468
5100 91 24 309
5952 903 439 476
7093 83 21 699
425 877 29 129
4580 764 38 472
8366 114 618 357
8797 91 623 676
3931 602 180 726
7342 539 25 477
2343 515 916 399
2968 376 890 782
2212 64 978 370
7555 729 109 477
4368 146 160 564
6590 615 334 737
2167 517 965 397
7076 729 21 748
4684 532 41 472
7114 667 21 745
7159 619 21 584
9502 920 825 964
1953 920 978 214
7402 653 21 519
2344 863 840 478
3675 914 448 781
6994 96 93 798
9133 918 623 939
2891 661 890 713
5967 981 439 413
6614 745 289 737
5726 523 274 403
4108 554 202 726
8721 261 623 535
1836 14 978 164
6619 958 311 737
1609 926 866 56
8814 21 623 694
3549 427 471 807
8718 792 623 581
5058 271 83 309
6274 513 448 737
4879 464 115 334
8668 80 623 553
2299 150 941 399
6334 312 465 688
8246 395 562 357
1740 507 866 153
6394 752 304 737
257 594 1 170
7894 337 293 477
5115 670 6 381
6542 606 313 737
8598 292 623 437
6581 760 225 737
3765 165 444 747
2806 73 890 770
2435 186 875 468
1818 527 913 159
4938 204 80 350
4730 719 12 375
3197 237 767 831
8085 222 534 451
1255 886 610 42
7143 254 21 576
7936 432 382 477
3804 943 360 747
6116 986 465 546
4018 111 290 747
6304 100 465 679
1539 493 847 42
7758 543 297 477
7585 704 75 477
6929 696 134 795
7575 117 55 477
1579 950 866 94
4606 46 12 458
6846 264 134 753
5584 549 260 403
7471 137 21 486
8774 970 623 711
5554 738 238 403
3683 757 464 807
8727 398 623 670
2426 161 879 468
2563 790 840 538
4635 208 12 372
4695 499 12 447
8889 191 623 721
5436 781 67 403
5475 690 285 403
3468 724 448 799
3243 960 735 831
3179 748 777 831
2452 664 840 501
2578 738 840 587
533 468 123 129
5607 675 240 403
6356 601 431 737
6651 899 172 737
7477 162 136 477
3247 310 700 831
9502 703 795 964
3319 620 729 831
7375 483 21 521
5413 588 97 403
6698 687 164 737
8454 823 590 357
6557 575 250 737
6483 396 345 737
6845 882 147 737
3972 92 313 747
5924 74 439 448
6241 270 465 694
2646 492 840 632
3667 618 448 791
1642 579 866 42
4475 107 149 472
2349 255 905 468
5436 343 45 403
9147 140 649 964
2662 499 840 617
7039 994 21 699
3764 140 330 747
6661 782 168 737
5362 546 61 403
7842 695 255 477
6078 287 465 623
3499 920 559 807
4613 384 37 472
6093 246 465 489
8282 378 535 357
154 185 1 163
2672 270 862 638
4343 895 160 544
1178 808 566 42
4600 343 131 472
8348 517 603 357
5331 123 25 403
2736 813 871 638
9315 105 693 964
2378 895 884 468
1675 57 866 88
1463 396 808 42
5780 510 351 403
4424 878 160 551
4046 56 160 671
3351 184 633 831
6809 247 122 798
8034 113 476 477
898 509 301 42
565 483 174 87
6331 3 465 703
7982 714 476 477
514 147 108 129
1733 50 868 159
210 899 3 129
6471 161 382 737
964 831 436 42
8503 838 623 454
3067 368 835 831
8916 537 623 783
6315 80 465 716
8083 278 534 422
533 925 128 129
585 4 202 42
9180 259 623 946
6741 932 238 737
9409 620 696 964
3970 864 293 747
803 448 331 42
2499 272 840 565
3291 626 674 831
6414 301 465 721
8272 789 534 427
1123 723 497 42
8298 158 595 357
3243 693 749 831
3365 345 694 831
665 893 174 71
1614 635 866 75
7549 752 221 477
483 922 174 50
4944 980 105 350
1319 762 667 42
7797 977 359 477
8288 836 557 357
2606 720 840 630
4234 822 160 563
5606 383 281 403
9413 263 764 964
2693 762 840 623
3218 419 728 831
1955 436 978 270
4252 510 160 656
8780 686 623 578
3665 293 461 807
3994 295 267 747
611 366 174 86
3860 819 345 747
8812 633 623 668
5122 192 6 379
1339 788 735 42
7375 62 21 572
6396 855 465 721
3733 32 448 779
4329 678 160 592
9071 76 623 883
6233 771 465 604
2785 144 890 655
1902 253 978 225
3432 76 561 816
5910 185 460 484
4551 467 63 472
6507 771 391 737
8727 120 623 572
1398 186 728 42
6248 377 465 708
7700 551 189 477
4776 1 12 396
717 98 174 45
7477 791 21 479
8203 431 534 436
3743 992 448 770
5664 825 239 403
4063 250 174 726
5142 928 69 309
7765 602 385 477
1040 575 530 42
2104 518 978 304
3220 97 740 831
8219 995 534 385
6679 944 238 737
3037 711 763 831
5297 627 151 403
4592 5 88 472
4885 573 12 360
1531 276 833 42
6906 567 134 775
8488 688 610 357
2814 388 890 657
1064 905 463 42
1902 371 966 159
7830 500 382 477
409 436 133 129
1083 403 475 42
657 61 174 81
3228 200 678 831
8425 679 598 357
2066 823 978 242
1914 425 978 243
4129 981 224 726
6866 133 101 798
8842 247 623 737
494 658 174 64
7879 974 284 477
5232 791 6 336
389 417 13 129
2944 730 890 722
5046 457 37 309
4299 495 160 606
2050 661 978 271
4517 491 136 472
4348 786 160 558
8772 917 623 587
7963 505 336 477
9200 851 698 964
1907 511 978 271
4464 145 160 512
4987 250 104 309
8254 496 579 357
5594 340 192 403
6057 907 465 560
8328 919 602 357
6793 951 142 737
6380 534 418 737
1627 623 866 120
8795 558 623 641
5802 700 439 454
8971 823 623 712
1928 484 975 159
3859 672 314 747
8959 851 623 858
7102 53 21 704
6051 179 450 484
4634 191 29 472
4988 727 80 309
7443 536 111 477
3068 62 890 830
7911 776 373 477
3756 18 311 747
8063 310 497 477
1522 70 866 131
3280 461 606 831
2403 300 900 468
2878 150 890 681
2421 297 869 468
734 528 186 42
1899 430 978 225
4828 685 32 350
7056 732 21 785
8200 720 534 370
1088 404 445 42
4974 648 115 335
8643 123 623 519
3382 986 632 831
9092 636 623 921
6939 939 134 789
6948 711 21 742
3499 916 561 809
6480 441 296 737
6866 155 134 749
4273 330 160 668
6894 118 134 770
1385 322 663 42
3758 744 448 782
6723 570 227 737
6597 799 214 737
2631 771 840 546
4308 646 160 625
4371 30 160 556
7620 486 280 477
7286 39 21 650
3306 305 630 831
6960 561 116 798
371 689 108 129
8515 662 623 377
5591 329 323 403
7166 241 21 580
5790 516 378 403
3223 765 635 831
3572 83 452 807
3755 963 448 763
5897 834 439 467
6325 458 465 711
5393 501 125 403
3732 631 448 797
8069 591 534 464
5492 777 108 403
2802 122 861 638
1083 969 498 42
2763 876 840 622
7722 993 313 477
1176 837 592 42
4800 471 54 350
1688 741 867 159
6771 128 195 737
2928 696 890 718
4536 428 112 472
8779 960 623 616
4873 638 12 372
956 413 514 42
3185 209 751 831
1509 486 866 131
5567 612 201 403
237 175 27 129
1229 68 673 42
8753 593 623 590
5622 1 247 403
5440 118 72 403
9099 850 623 931
6793 680 112 798
5703 814 354 403
7059 948 24 798
1053 69 552 42
8310 738 581 357
3002 281 890 788
5101 252 115 315
8672 51 623 537
1208 194 710 42
2144 522 978 378
5831 5 390 403
4688 988 12 389
6945 863 21 754
8683 589 623 517
141 148 1 177
7276 207 21 515
7514 709 94 477
8542 872 623 430
3710 97 448 755
7027 456 68 798
1052 978 447 42
3695 357 420 747
2982 656 890 738
6277 273 465 634
6461 545 357 737
7785 52 221 477
6261 14 465 702
5968 133 465 487
7004 211 94 798
8674 230 623 521
3291 292 742 831
6284 797 424 737
6332 744 465 658
7307 505 21 653
5792 435 378 403
4381 525 160 563
2147 371 978 331
4556 179 139 472
2271 312 954 399
685 883 253 42
9422 903 783 964
9438 475 825 964
1017 139 454 42
7389 399 70 477
6531 797 239 737
9157 911 623 859
7171 502 21 754
757 561 211 42
8504 208 623 548
7082 995 21 725
7854 963 280 477
1707 54 866 140
8373 904 550 357
5526 641 243 403
7011 961 41 798
3374 304 690 831
2208 673 966 395
4558 755 89 472
2685 367 840 623
6591 600 286 737
1544 105 850 42
2250 369 911 402
4277 919 160 572
4357 291 160 548
7569 629 104 477
4285 755 160 606
735 330 193 42
5463 678 119 403
4405 708 160 586
3648 358 502 807
3324 983 716 831
1308 828 607 42
9046 838 623 861
9462 323 797 964
3399 508 588 831
8224 158 539 357
1951 409 978 229
5136 221 49 309
4522 34 96 472
1172 159 507 42
3111 911 875 831
6279 586 463 737
639 205 174 74
9328 358 640 964
8494 28 623 372
8233 866 534 443
7109 989 21 719
7484 135 30 477
5819 942 439 469
8555 261 623 410
8164 975 529 477
1670 102 870 159
2789 763 890 734
6870 142 118 798
3481 173 569 831
4337 941 160 591
8005 281 405 477
8761 950 623 659
2266 927 950 399
7865 897 304 477
9419 125 759 964
7807 434 390 477
751 307 203 42
832 292 258 42
3857 876 412 747
3447 195 600 831
2916 653 890 749
3352 254 531 807
6640 613 140 737
7797 574 238 477
6154 388 465 569
1606 926 866 53
5011 80 115 311
1702 944 866 124
6928 446 119 798
9450 569 886 964
6254 147 465 609
4800 869 96 350
8485 957 618 357
1137 617 604 42
2503 863 840 597
5871 154 439 462
4613 744 117 472
4874 685 66 350
933 811 352 42
7590 956 66 477
5658 265 241 403
1833 927 920 159
1503 520 781 42
6301 815 465 729
4838 369 44 350
6224 136 465 674
6449 703 427 737
8023 468 394 477
4124 830 160 720
3630 546 451 807
4730 881 12 465
8332 351 577 357
1080 968 584 42
714 165 196 42
2250 432 936 399
8879 945 623 649
5107 868 92 309
8181 967 534 387
9438 149 748 964
4318 708 160 651
924 260 325 42
7767 771 213 477
3163 2 799 831
5222 981 27 309
2424 895 849 468
3034 290 883 831
5144 575 6 350
8768 131 623 764
6232 279 457 737
6045 706 465 607
1179 64 531 42
4009 278 160 724
2459 815 840 490
1789 661 894 159
3558 784 552 807
4889 396 76 350
420 778 32 129
5856 26 397 403
7165 600 21 694
7009 269 21 755
273 798 1 160
3413 619 506 807
4351 878 160 606
8581 343 623 413
8898 246 623 665
8892 689 623 767
338 783 139 129
2173 761 976 395
7535 481 73 477
7738 774 214 477
2705 244 840 627
9418 546 772 964
2462 465 855 468
6634 283 248 737
8664 306 623 635
9296 452 709 964
7646 162 263 477
7270 587 21 599
3369 393 679 831
6039 523 439 473
7545 324 177 477
4249 517 160 608
5805 780 354 403
8358 395 623 380
6318 370 465 664
438 505 38 129
6952 99 46 798
7299 865 21 623
5175 921 6 333
680 365 301 42
4431 982 160 536
6565 120 323 737
8199 421 534 393
6626 862 258 737
1342 933 778 42
7628 963 110 477
2482 763 840 554
104 461 1 186
9180 808 623 923
3167 28 822 831
2457 876 911 463
8151 158 534 406
2015 263 978 265
5447 228 158 403
6823 581 127 798
2221 445 971 395
2178 369 962 399
6814 509 181 737
7255 686 21 677
266 362 55 129
3392 803 648 831
5635 639 237 403
1106 706 620 42
5473 66 197 403
4277 913 160 665
4436 725 146 472
3086 419 827 831
9093 225 623 887
5835 905 387 403
4142 717 177 726
8076 2 471 477
2252 246 978 389
8879 854 623 644
2194 323 976 395
6890 148 53 798
8690 248 623 545
3983 230 281 747
5517 586 228 403
4894 24 19 350
1359 661 688 42
1238 100 596 42
7763 620 189 477
4351 559 160 533
6155 876 465 523
8114 235 519 477
1243 755 628 42
957 98 350 42
4421 577 152 472
9024 185 623 887
6117 383 465 602
1792 887 978 175
5213 820 6 358
6845 289 152 737
3056 495 867 831
1196 666 565 42
6454 258 430 737
8169 430 534 406
1715 62 866 115
274 178 1 179
6568 852 366 737
7195 257 21 711
2858 502 890 644
5687 54 294 403
8712 479 623 539
8336 694 534 379
3928 308 276 747
3941 206 266 747
2687 463 851 638
6072 306 465 619
343 933 115 129
6810 131 38 798
2414 925 911 449
8578 200 623 534
7297 353 21 627
2080 681 978 327
967 716 358 42
4709 908 47 350
1039 469 488 42
2603 457 840 629
9183 120 623 914
8687 992 623 521
9420 818 837 964
6118 680 465 644
7149 279 21 607
2557 795 840 512
6900 15 33 798
1090 465 497 42
8023 62 411 477
4973 768 54 350
7361 805 21 609
7030 196 21 685
6226 325 465 642
5225 927 6 323
7575 566 45 477
2573 531 873 638
512 312 126 129
6737 18 126 798
5021 309 6 313
7726 984 283 477
2328 753 911 456
9355 356 689 964
6617 573 316 737
2267 277 911 444
6792 454 134 746
726 364 228 42
7189 223 21 685
830 183 279 42
232 839 1 192
2484 42 854 468
807 335 268 42
6330 120 465 702
9272 573 623 948
5907 275 439 426
7210 557 21 696
8340 596 574 357
1917 415 978 242
3091 299 739 831
3348 320 583 831
9162 325 623 916
7061 400 59 798
1369 222 781 42
3444 93 609 831
3000 492 873 831
4809 675 12 366
6648 615 291 737
6898 581 71 798
4629 276 47 472
4269 333 160 554
7294 196 21 487
1643 231 859 42
9365 839 714 964
3025 166 769 831
5871 885 465 505
3752 725 384 747
6188 940 465 623
8152 994 534 377
4792 105 12 377
215 923 1 133
2096 847 978 341
5059 27 107 309
1530 804 783 42
4667 167 80 472
2184 179 978 349
4428 354 160 530
1011 816 577 42
4955 297 111 350
3524 683 561 813
8215 221 534 437
7192 730 21 724
6935 890 21 777
4724 939 27 472
3648 652 448 759
1761 888 866 157
2805 415 890 720
3878 471 264 747
6841 693 134 746
2733 517 890 647
1451 360 790 42
5858 676 409 403
7068 77 34 798
3331 194 561 812
6741 907 134 742
7050 930 21 740
2665 419 840 628
6873 681 122 798
8299 237 534 365
2947 799 878 831
5890 671 413 403
7712 576 169 477
925 851 478 42
7198 791 21 688
6327 132 465 687
6110 216 465 532
1462 110 866 67
8767 127 623 586
4336 247 160 513
1633 243 920 159
5938 537 459 484
7454 607 55 477
3644 539 418 747
6734 763 134 769
610 997 174 125
4804 543 38 350
3096 871 858 831
80 470 1 192
3061 772 825 831
5488 771 108 403
7490 605 98 477
453 794 124 129
7544 394 65 477
6538 244 343 737
7411 599 94 477
6918 236 134 768
3767 701 369 747
7645 436 214 477
784 42 252 42
3192 83 713 831
1370 181 742 42
1161 917 523 42
6136 53 465 611
1761 392 879 159
7241 785 21 527
8821 514 623 611
8215 568 534 359
6478 337 428 737
2611 166 890 641
8040 930 500 477
3751 952 324 747
7180 920 21 686
8033 977 534 474
7327 822 21 485
1630 814 866 130
5913 658 465 499
7057 208 21 648
711 993 313 42
4113 626 162 726
5881 982 412 403
242 971 37 129
9046 262 623 773
2691 814 878 638
2067 286 978 342
3805 393 436 747
3396 767 561 826
3558 142 491 807
6219 315 422 737
5669 891 282 403
3888 733 338 747
1206 476 565 42
1175 909 574 42
7253 748 21 634
2923 977 882 831
6020 934 465 484
8329 128 534 377
472 464 174 88
2346 516 911 447
7576 257 72 477
2899 7 860 831
2170 100 978 359
4039 464 160 713
7510 987 91 477
881 70 475 42
8594 79 623 440
1800 666 901 159
6066 981 442 484
7627 465 141 477
6909 592 134 764
3039 922 762 831
4658 573 71 472
3731 294 448 762
1691 98 866 77
8215 818 540 357
4324 990 160 546
8194 261 526 477
3640 961 459 807
6217 263 465 636
4639 364 41 472
2955 701 890 827
223 991 1 134
1322 173 656 42
3073 12 784 831
8089 102 534 468
6280 97 465 682
4186 213 160 703
1730 783 978 160
616 662 174 117
4678 335 32 472
2385 806 911 425
4249 666 160 661
8196 458 534 438
7780 67 323 477
4889 677 23 350
3099 417 886 831
1380 855 676 42
5352 156 65 403
4954 801 98 309
2191 449 978 391
9513 927 811 964
7773 790 260 477
8929 941 623 723
7897 109 460 477
6589 671 326 737
8304 536 623 371
8082 329 534 423
1721 332 912 159
3443 216 595 831
1905 85 936 159
2617 504 840 564
6244 754 465 658
7749 781 198 477
289 239 37 129
5172 205 32 309
3542 149 556 807
1788 263 914 159
1932 899 978 271
1384 536 826 42
6519 378 326 737
6488 178 394 737
7869 282 313 477
2135 565 978 357
4859 639 12 353
1394 716 678 42
5782 764 411 403
1313 941 656 42
3851 14 317 747
6153 280 465 573
4047 235 222 726
5439 253 159 403
3391 771 654 831
996 244 419 42
8826 885 623 794
2460 787 902 468
2930 423 890 804
8584 58 623 541
2000 453 978 214
2335 154 880 468
373 201 115 129
6073 787 453 484
927 740 458 42
4545 408 89 472
2214 747 978 355
2588 782 840 622
3079 158 785 831
6693 893 253 737
8092 787 444 477
5241 138 9 403
6011 17 465 490
3814 35 403 747
1114 675 526 42
3058 132 890 828
9169 46 642 964
8290 624 582 357
3322 986 677 831
7120 802 21 695
4262 892 160 681
3152 818 723 831
6450 7 271 737
6704 919 155 737
525 775 155 129
2715 877 840 586
3171 766 725 831
1659 663 876 159
9196 530 689 964
8632 910 623 536
941 301 333 42
1055 385 505 42
4821 874 57 350
603 761 174 60
3057 907 817 831
5761 193 290 403
7509 820 79 477
4730 663 12 367
8359 470 623 415
1248 427 671 42
1420 720 814 42
4273 878 160 665
6966 302 83 798
5525 966 153 403
8920 691 623 722
2894 697 890 781
7832 953 379 477
4303 163 160 514
6187 515 465 562
8390 509 541 357
8681 32 623 515
6619 504 279 737
6856 914 134 784
364 939 1 136
6457 850 324 737
6690 394 235 737
1849 82 951 159
5288 158 61 403
4200 573 160 726
4687 486 37 350
1233 637 561 42
8158 54 534 467
4561 413 12 446
2231 532 978 387
9456 260 738 964
2934 57 890 732
3457 403 588 831
2743 343 840 606
9153 764 623 950
6952 479 116 798
3422 69 540 807
2439 612 871 468
5871 148 439 471
3869 647 219 726
2906 814 890 787
8621 191 623 520
7153 514 21 751
4962 400 44 350
4889 549 92 350
4404 623 160 488
8161 40 523 477
2404 853 911 458
1077 847 513 42
8813 72 623 590
9036 806 623 771
3771 687 369 747
3936 379 219 726
2697 893 840 595
3059 407 890 803
332 196 135 129
3704 343 468 807
1343 240 745 42
471 943 156 129
6001 910 465 490
6948 439 127 798
6120 908 465 690
5927 274 439 459
1985 573 978 192
7049 369 21 752
2395 949 911 448
4837 696 12 390
3284 272 616 831
3131 933 725 831
6175 589 465 564
7915 901 463 477
5342 33 176 403
3447 540 525 807
5833 175 439 446
8083 63 439 477
8468 166 623 512
5734 42 309 403
6868 923 80 798
1505 190 786 42
8761 163 623 700
7042 484 52 798
738 768 180 42
8782 979 623 617
7409 649 21 526
9400 819 752 964
8147 725 534 428
4366 759 160 524
8809 152 623 605
5003 883 80 309
3012 367 890 818
3232 680 648 831
8037 379 534 464
1165 762 551 42
4357 884 160 590
4550 127 135 472
8988 183 623 752
5960 774 439 449
3961 319 306 747
2552 391 840 533
9254 315 786 964
7084 615 25 798
3626 620 523 807
1820 994 978 207
3189 889 773 831
2092 192 947 399
8248 537 548 357
6632 118 297 737
9449 3 772 964
4876 679 13 350
3859 508 327 747
5488 493 153 403
269 520 1 187
4169 26 162 726
7701 537 258 477
5159 284 23 309
2866 565 890 717
5236 346 6 366
7354 788 21 510
5277 298 6 336
4758 634 12 408
1510 372 769 42
6312 553 465 702
8643 65 623 542
3150 28 835 831
7919 54 364 477
7715 240 265 477
4738 453 12 460
2153 286 966 395
8825 704 623 619
75 56 1 176
6905 858 61 798
8031 182 457 477
3934 648 277 747
2886 243 867 831
1892 354 966 159
5148 775 37 309
4102 848 190 726
9005 362 623 877
5099 898 89 309
3262 771 751 831
6235 866 465 611
3042 763 796 831
6513 788 303 737
7360 405 21 550
2575 141 840 620
7103 132 21 770
2001 935 978 277
5994 695 439 437
6765 6 125 798
4433 36 160 515
3210 210 757 831
1013 47 511 42
7827 373 358 477
3225 670 623 831
3325 409 648 831
8686 991 623 611
9154 325 623 910
8242 611 534 366
9113 131 682 964
5515 821 165 403
7815 528 238 477
9222 87 623 947
7139 472 21 719
1097 720 572 42
5745 772 377 403
1255 266 641 42
1141 333 615 42
2598 984 840 622
3523 460 546 807
1436 73 866 43
3049 145 890 818
4239 238 160 634
6459 831 361 737
5074 730 115 322
1646 572 866 96
2092 517 978 354
4832 924 12 385
3963 908 160 726
2439 422 880 468
3552 913 561 807
2353 6 840 472
1502 634 814 42
2511 12 840 565
5437 924 77 403
4067 15 160 694
9372 74 739 964
8770 866 623 584
7341 871 21 587
7862 429 328 477
2451 171 867 468
2413 802 851 468
8904 49 623 680
3618 254 392 747
9483 886 795 964
6682 607 184 737
5491 132 122 403
1911 258 964 159
3541 214 462 807
1293 539 747 42
3946 653 283 747
5267 209 6 397
2367 33 840 526
4859 20 12 368
4028 131 160 661
3261 790 709 831
8378 462 542 357
3897 634 318 747
1591 8 866 72
3592 834 448 798
7303 55 21 606
6672 131 134 789
7519 65 85 477
5784 940 382 403
8974 364 623 769
7044 337 65 798
590 145 174 117
5347 607 78 403
3800 456 437 747
5890 753 439 440
7027 172 21 720
6213 321 465 708
4603 544 12 408
8511 718 623 404
8633 546 623 524
5824 715 439 442
6935 343 134 776
6917 794 94 798
3064 822 770 831
4490 470 45 472
1806 299 978 205
117 901 1 169
7810 926 271 477
5267 762 6 370
3430 327 568 831
6578 232 282 737
6177 151 465 560
6761 98 215 737
5634 387 223 403
475 958 86 129
1619 688 838 42
3322 738 625 831
2006 731 978 216
5089 250 27 309
2794 781 869 638
8423 772 623 395
6751 769 157 737
9409 616 786 964
7195 528 21 725
8859 121 623 696
1562 289 804 42
394 866 34 129
1718 319 866 116
5042 102 56 309
3261 83 661 831
4716 527 12 459
2244 750 956 399
5300 388 6 388
8633 37 623 524
7166 355 21 632
5969 835 465 571
5789 123 369 403
2537 158 840 579
1146 475 592 42
541 138 174 76
6006 323 455 484
8321 497 623 362
7508 989 77 477
7379 686 21 584
2212 223 970 395
2518 416 840 546
6228 350 465 605
3376 179 665 831
8765 546 623 623
7916 787 312 477
9280 973 720 964
1974 510 978 215
7012 708 95 798
8543 26 623 422
4344 727 160 506
1143 255 571 42
6381 559 413 737
2952 246 890 726
921 421 418 42
1436 17 776 42
3334 913 701 831
6170 611 465 632
7438 158 70 477
6261 536 435 737
367 327 66 129
695 329 306 42
6489 518 390 737
3881 877 394 747
3741 336 448 759
5322 774 6 403
8209 427 534 377
5000 94 96 350
7906 664 406 477
7697 323 200 477
8737 260 623 539
7429 647 141 477
3094 432 835 831
1016 531 577 42
2163 688 978 310
6460 356 415 737
8052 27 451 477
6354 381 465 673
8840 943 623 701
6112 983 465 502
6385 581 394 737
4511 509 160 505
7182 869 21 572
1392 477 688 42
4980 814 106 309
3420 81 630 831
5797 156 399 403
5844 239 439 425
6442 316 438 737
9318 779 689 964
2067 116 978 240
7698 831 227 477
3040 872 890 824
223 274 1 170
7574 200 167 477
8923 383 623 779
5713 801 389 403
2981 790 890 801
5326 532 6 386
4911 383 113 350
8183 913 521 477
1569 737 835 42
5801 582 363 403
6730 370 228 737
6448 847 377 737
5525 234 115 403
3921 933 225 738
1955 73 978 320
367 587 67 129
8660 374 623 516
341 382 1 153
543 69 174 46
5510 301 105 403
3689 172 396 747
8369 250 623 360
8447 12 623 446
1093 827 517 42
1431 851 857 42
447 27 94 129
4000 821 244 747
8651 876 623 467
6094 901 465 639
3146 733 810 831
3552 957 561 817
1607 804 841 42
9114 584 623 910
9003 110 623 902
2647 753 840 625
6096 358 465 485
8716 190 623 549
7901 955 374 477
3280 147 749 831
3581 819 495 807
1240 173 595 42
506 569 174 51
936 943 418 42
1389 426 778 42
8183 540 534 374
2312 990 911 457
5758 327 367 403
8710 624 623 631
8531 364 623 437
3912 753 281 747
5676 329 387 403
5369 401 133 403
3454 858 538 807
5659 887 357 403
6106 661 465 532
2754 603 869 638
5320 139 26 403
2623 764 840 623
2148 934 978 361
3870 760 268 747
1722 929 974 159
2737 496 890 696
5002 456 91 350
4015 753 225 726
5526 297 186 403
9219 869 726 964
9379 197 707 964
2715 326 840 593
4233 752 160 522
8914 956 623 673
6293 961 465 682
3109 700 719 831
3927 32 334 747
7302 154 21 530
6845 292 151 737
7978 42 388 477
6244 517 465 687
9253 875 727 964
2233 143 911 420
7372 238 21 525
6406 397 415 737
1362 235 714 42
179 416 1 177
3679 317 378 747
8484 518 623 380
1373 130 682 42
7541 368 106 477
6003 910 465 492
7956 767 449 477
8448 770 580 357
2196 808 978 394
5593 192 336 403
9359 447 820 964
5947 513 465 508
7924 671 334 477
8758 95 623 703
7396 694 21 571
1633 284 866 81
812 776 307 42
2608 82 840 563
1263 765 739 42
4381 693 160 566
3161 888 813 831
1200 200 646 42
1554 335 829 42
8545 705 623 443
2452 417 908 468
5074 264 101 309
4002 466 223 726
3356 399 561 810
3345 732 657 831
9351 671 678 964
3034 687 838 831
1531 784 796 42
4578 704 125 472
3612 415 448 778
6328 834 437 737
4000 554 262 747
3347 316 685 831
3494 803 572 831
2260 499 923 399
1671 701 871 159
9040 505 623 758
7816 839 280 477
8648 500 623 610
2096 517 978 357
2209 25 926 399
5125 942 6 382
6624 837 241 737
1210 790 597 42
7599 610 269 477
6647 29 219 737
5016 402 115 331
1065 169 421 42
8178 977 534 365
6722 937 213 737
2065 350 978 264
5815 152 350 403
2135 567 978 309
1064 188 587 42
6189 688 465 548
3150 223 802 831
8402 998 589 357
1286 80 661 42
6175 879 465 577
7317 791 21 599
5341 766 92 403
623 624 211 42
5042 621 115 328
1096 417 456 42
7058 612 21 782
9202 511 692 964
6268 874 465 727
3369 737 659 831
7115 584 21 701
2794 370 866 638
7853 769 328 477
2704 615 840 595
5933 575 464 484
5432 92 55 403
276 112 31 129
3539 102 480 807
7191 203 21 735
2151 635 978 366
6388 842 418 737
6754 76 134 742
8628 409 623 528
7838 633 323 477
8544 444 623 542
7396 841 40 477
8836 313 623 680
5573 682 237 403
7293 695 21 654
8346 354 544 357
514 913 115 129
8152 968 534 381
8033 65 471 477
5601 290 231 403
3898 539 228 747
4502 652 95 472
1209 679 565 42
226 725 1 142
4859 171 18 350
843 120 304 42
1854 237 953 159
3827 167 435 747
9429 463 794 964
6448 600 394 737
6020 379 465 576
1364 125 703 42
6492 506 417 737
8219 59 532 477
319 663 75 129
9078 610 651 964
5379 647 207 403
270 302 1 168
7007 703 70 798
3362 622 624 831
1890 460 978 161
2762 545 890 663
197 31 28 129
7138 221 21 731
6004 403 439 475
4180 827 160 683
5037 724 6 347
644 662 174 96
3411 970 534 807
205 973 1 143
8048 865 436 477
6681 558 217 737
4434 176 160 531
9298 34 703 964
9127 766 623 941
1225 441 681 42
4151 751 160 652
4055 121 211 726
4001 232 225 747
5706 310 333 403
7018 725 21 762
2747 658 890 717
4941 226 55 350
7605 456 86 477
3456 436 537 807
547 890 188 42
8807 409 623 662
4940 464 94 309
568 729 174 88
5541 620 126 403
3081 998 867 831
9287 494 713 964
3220 886 760 831
9421 959 905 964
7083 697 21 710
3323 944 681 831
8244 270 534 357
2105 804 978 278
6504 804 405 737
2878 294 890 701
1384 931 715 42
9134 98 623 838
4205 5 160 690
7384 975 21 554
6135 740 465 647
218 616 1 164
9430 277 833 964
2213 923 911 405
2549 314 840 568
5518 548 252 403
5992 23 439 483
1622 596 866 91
3252 234 779 831
6790 646 166 737
7406 696 21 556
6060 392 465 503
1571 840 862 42
301 248 1 144
5971 364 439 471
5370 598 95 403
7495 810 57 477
1670 232 866 131
7875 886 316 477
4804 951 12 378
4462 194 53 472
3078 239 803 831
1244 239 666 42
4082 625 200 726
1743 147 866 119
5240 542 15 309
7763 271 259 477
6988 540 21 758
2842 585 890 708
1452 487 742 42
8073 812 534 476
2472 875 840 553
3942 553 287 747
8509 249 623 528
8459 896 623 368
8733 977 623 675
3834 359 405 747
6582 932 358 737
375 767 109 129
8229 778 534 467
5450 926 105 403
8936 588 623 749
9496 527 803 964
8393 448 623 379
5004 693 114 350
376 859 19 129
5595 77 186 403
9303 765 783 964
4677 43 47 472
3702 883 412 747
3237 175 654 831
7708 978 180 477
5335 954 22 403
5366 8 72 403
3569 869 448 752
9357 849 699 964
9015 207 623 900
4087 645 160 647
7110 371 21 767
298 57 1 163
6665 27 248 737
3992 738 225 729
4793 572 12 383
2978 829 890 749
7795 194 391 477
6993 950 21 778
3286 979 704 831
7811 844 226 477
6251 899 465 730
7383 400 21 595
2817 463 890 697
4634 676 57 472
5809 580 439 465
6371 4 377 737
1664 67 878 159
8943 621 623 719
1560 858 866 86
5921 334 429 403
8655 332 623 584
3322 918 618 831
8603 884 623 464
3290 547 722 831
6021 764 465 529
5714 824 336 403
9096 878 623 823
6753 465 174 737
3317 285 607 831
7739 954 221 477
5641 564 199 403
6862 199 41 798
8125 589 484 477
9191 118 623 896
4472 352 135 472
1342 529 677 42
6177 377 465 655
3489 274 546 807
8729 196 623 701
4280 701 160 571
6671 686 277 737
1092 981 448 42
8072 849 463 477
6160 939 465 536
7962 885 532 477
6744 204 181 737
9462 782 865 964
7957 881 360 477
4036 286 195 726
2335 979 911 424
5847 75 439 446
3597 57 515 807
1144 819 546 42
1674 774 866 101
7818 804 240 477
8416 850 623 419
247 415 13 129
1772 510 883 159
6035 966 454 484
5724 785 437 403
8614 282 623 486
389 858 118 129
2469 510 859 468
5540 19 184 403
4102 900 225 732
980 714 484 42
8345 621 537 357
1363 585 723 42
3442 314 557 807
7459 196 134 477
6644 761 232 737
7298 20 21 632
3990 803 284 747
8674 16 623 614
1292 813 660 42
9352 252 654 964
8135 269 534 423
5596 227 258 403
7932 224 467 477
2056 838 978 328
1382 958 679 42
9034 652 623 863
6274 103 465 645
4096 37 183 726
7197 901 21 573
5083 467 33 309
3651 214 439 747
6324 95 396 737
8680 602 623 686
1457 695 725 42
1945 135 978 199
285 86 1 139
1282 352 676 42
3503 72 592 831
5810 665 345 403
1448 917 739 42
1995 73 978 350
4827 457 69 350
7508 14 95 477
2704 673 842 638
9048 675 623 831
3157 521 811 831
6959 600 71 798
6775 621 180 737
3164 81 822 831
9097 111 623 803
673 429 196 42
6644 27 264 737
8991 940 623 797
1697 314 886 159
3478 257 587 831
7517 294 46 477
3618 556 436 747
8883 379 623 795
6245 785 436 737
8232 383 534 364
1434 797 856 42
1890 221 972 159
6389 585 426 737
6916 986 116 798
7853 290 316 477
818 482 378 42
3949 752 169 726
7164 502 21 759
8279 668 534 398
2089 695 978 263
1070 394 469 42
1137 690 687 42
7383 730 21 581
299 830 13 129
6006 364 452 484
2032 381 978 212
8833 865 623 639
2252 618 937 399
1126 270 574 42
8595 471 623 557
5163 687 6 345
246 870 1 166
3915 970 225 738
1724 567 866 113
6664 52 279 737
4185 204 160 698
6204 442 465 734
5633 319 222 403
5262 62 6 341
4071 780 225 741
4045 549 189 726
5132 631 92 309
3967 413 177 726
962 482 486 42
7397 188 78 477
7730 854 169 477
3961 368 249 747
8965 734 623 741
3247 928 762 831
6945 603 95 798
6554 182 310 737
7508 92 21 489
3134 131 660 831
4427 620 160 569
1995 131 978 394
3818 153 351 747
3993 301 306 747
2226 835 900 468
6862 896 134 767
9392 409 760 964
3016 406 890 808
9400 751 814 964
453 925 68 129
1423 21 796 42
7091 490 21 701
6929 485 32 798
7803 641 346 477
3159 630 758 831
3681 689 425 747
1011 416 490 42
4745 894 12 453
5432 720 168 403
9426 632 754 964
871 560 283 42
455 250 157 129
2228 823 978 364
7884 261 293 477
5686 334 252 403
6225 621 465 609
4367 642 160 510
8477 18 623 513
6932 830 78 798
650 196 286 42
767 327 279 42
4341 401 160 498
9049 476 623 803
3344 912 561 813
690 531 333 42
6851 613 43 798
6727 792 185 737
9397 124 697 964
418 974 34 129
5476 871 116 403
9341 794 717 964
276 133 22 129
2510 195 840 468
5131 446 60 309
3821 531 247 747
1658 106 871 159
1803 532 885 159
740 97 244 42
7360 332 21 498
5596 130 194 403
6665 138 186 737
613 230 174 95
9041 240 623 874
4524 922 12 468
1293 868 620 42
4605 159 122 472
5695 793 267 403
5245 641 32 403
8023 27 430 477
7677 914 189 477
6113 88 465 535
4893 179 15 350
1737 86 875 159
3921 275 300 747
6864 298 134 737
8320 799 617 357
6314 433 421 737
6292 143 451 737
8697 94 623 526
2827 766 890 737
3012 934 890 821
9374 217 703 964
3002 640 886 831
8019 893 401 477
7505 123 52 477
3381 865 649 831
222 272 19 129
6415 677 448 737
9321 457 756 964
6135 503 465 574
5983 937 439 460
4700 29 12 424
7357 624 21 495
7659 534 200 477
6522 420 368 737
1909 485 978 246
8505 532 623 383
3951 870 273 747
8011 485 499 477
9147 306 657 964
2471 377 840 518
5378 953 143 403
1063 947 459 42
2005 216 978 235
8804 519 623 620
2443 194 840 562
1082 638 448 42
8669 330 623 499
7946 422 373 477
588 828 154 129
2118 441 962 399
5561 983 151 403
1406 237 734 42
1632 529 866 71
4881 578 35 350
8317 565 550 357
9150 975 623 882
6950 424 134 795
854 267 430 42
8698 688 623 502
1631 976 892 159
6604 482 201 737
1002 43 400 42
2066 260 978 245
9029 170 623 783
5016 82 115 323
2808 312 889 638
5689 798 289 403
1667 40 866 87
5219 788 6 387
8632 494 623 563
5574 369 243 403
2738 213 854 638
3280 229 750 831
8754 192 623 716
608 79 174 120
1175 256 631 42
319 300 5 129
2845 308 890 716
4228 315 160 512
5228 616 6 378
8684 784 623 515
2121 721 978 337
5229 615 9 309
8521 580 623 545
6726 978 216 737
940 397 404 42
475 605 174 119
2505 52 861 468
1004 369 470 42
9473 89 831 964
7816 993 383 477
6260 296 465 622
3375 540 561 825
1269 924 606 42
5100 879 85 309
961 593 391 42
8917 336 623 705
806 93 257 42
8523 198 623 575
4405 662 160 575
9317 665 644 964
4291 79 160 658
4415 322 160 580
8571 249 623 575
6286 615 465 639
1592 70 891 159
7709 939 156 477
8477 747 610 357
9252 77 623 938
2901 868 890 702
8541 245 623 433
3736 495 441 747
488 311 86 129
2502 926 840 475
3763 293 447 747
7287 282 21 620
3663 19 448 796
5210 401 14 403
9266 93 623 957
6684 590 225 737
9413 379 852 964
6001 694 439 448
5298 800 6 351
2145 587 978 377
9162 151 623 871
5061 685 64 309
9093 470 624 964
8805 600 623 647
6591 883 235 737
6244 42 465 630
9442 511 872 964
5004 439 92 350
3024 891 890 830
4370 69 160 476
4061 534 189 726
5520 343 108 403
2813 331 890 742
7901 437 319 477
2119 709 978 370
6341 16 409 737
8241 190 534 431
3164 198 643 831
1401 968 825 42
4727 899 12 360
790 118 240 42
5703 575 372 403
4221 81 160 700
5463 476 103 403
5636 319 224 403
6892 932 134 745
3570 988 448 791
9019 448 623 848
8937 555 623 865
7661 253 221 477
1524 179 790 42
2843 480 890 742
7298 838 21 561
2048 738 978 328
3179 870 768 831
8765 265 623 581
2204 79 978 356
4672 978 41 472
3002 455 842 831
2343 559 905 468
3447 275 572 831
2346 334 911 399
751 188 352 42
2925 30 890 751
4797 200 41 350
7705 719 260 477
1408 671 706 42
7705 30 201 477
6936 513 21 790
1901 855 950 159
1426 786 766 42
4766 281 12 429
6108 877 465 487
9414 378 777 964
5767 106 414 403
5260 58 38 403
775 728 265 42
3123 799 746 831
7969 235 410 477
3387 948 643 831
7849 582 295 477
3514 690 448 758
5690 529 283 403
3616 202 448 785
2554 701 840 576
1846 117 900 159
1161 282 541 42
8151 459 491 477
6842 721 134 765
741 378 259 42
3013 216 890 803
8313 893 534 389
5628 747 197 403
3679 201 420 747
1084 528 448 42
2643 429 840 599
2835 237 890 682
5668 193 220 403
4600 186 74 472
5315 413 128 403
2782 646 874 638
9116 570 623 841
7215 585 21 644
1263 563 683 42
8833 891 623 665
7809 486 421 477
1626 416 866 127
311 666 1 141
4431 9 160 488
9476 784 768 964
2488 670 840 595
307 125 1 132
7563 91 136 477
3439 381 641 831
1110 206 539 42
6779 352 134 750
1126 861 505 42
6006 682 465 499
8608 871 623 475
6864 972 134 786
3151 481 801 831
3186 15 684 831
3916 528 356 747
266 818 44 129
7973 403 384 477
4521 278 28 472
7943 749 363 477
4988 696 85 350
1801 856 964 159
9389 281 716 964
4851 201 85 350
1544 617 866 85
4116 895 160 714
2190 12 914 399
6174 898 465 572
7426 305 45 477
1193 184 593 42
3761 958 448 764
8905 523 623 668
3194 543 711 831
3891 828 384 747
4028 975 243 747
5490 850 214 403
8982 739 623 843
5694 336 278 403
6120 53 465 599
2376 646 911 438
7234 638 21 694
5995 836 465 499
2772 90 890 719
1314 242 814 42
1167 828 501 42
5301 197 6 376
5544 759 220 403
6463 918 337 737
4803 407 12 429
3030 561 890 792
7815 458 286 477
3973 407 316 747
8819 950 623 703
8300 42 534 380
8338 435 564 357
9363 610 865 964
612 765 251 42
8205 275 534 428
8101 461 534 416
1706 662 866 92
1263 899 706 42
6364 944 465 727
4741 758 17 472
2392 949 911 446
523 976 178 42
3626 913 506 807
7499 394 31 477
275 113 3 129
6650 617 180 737
2058 186 978 287
2578 908 878 638
6554 981 374 737
6585 386 271 737
2175 805 978 322
1177 525 550 42
5599 385 258 403
4071 370 232 747
5949 498 465 548
552 271 174 105
4121 117 225 727
7716 618 214 477
7497 148 123 477
3653 430 448 751
4657 78 12 401
6585 53 253 737
3693 445 448 786
4057 671 235 747
5457 601 158 403
8646 262 623 473
741 820 262 42
9298 836 708 964
3627 676 477 807
304 308 21 129
6410 230 451 737
2557 681 840 547
4671 420 41 472
6112 634 465 554
4447 689 125 472
7452 883 70 477
8612 740 623 577
6515 365 241 737
9335 105 708 964
2705 780 840 610
1131 359 496 42
8094 78 534 429
7678 147 135 477
732 386 257 42
1385 994 817 42
1316 931 664 42
3988 716 305 747
8669 422 623 529
7697 489 154 477
1765 0 943 159
1215 749 576 42
5059 257 115 323
9411 273 715 964
1869 929 978 265
8780 871 623 604
1725 65 882 159
1516 237 817 42
5962 922 465 557
927 613 493 42
4647 666 50 472
5649 156 288 403
3895 886 338 747
8675 72 623 486
770 841 329 42
8299 146 534 370
258 890 58 129
5782 635 370 403
8289 659 618 357
7041 69 21 713
6909 793 134 785
996 687 478 42
2335 109 840 474
1690 60 927 159
4989 724 6 311
3668 527 450 807
1084 454 513 42
8351 932 534 382
6853 890 62 798
2029 406 978 256
5451 788 164 403
7525 754 76 477
6585 766 238 737
1674 197 866 90
850 854 268 42
7060 573 45 798
3582 601 462 807
5429 264 83 403
1807 583 883 159
5114 554 71 309
5889 191 439 425
208 883 1 147
6650 796 254 737
1431 955 781 42
9277 279 759 964
4611 357 12 468
3974 285 219 726
4898 521 37 350
8613 116 623 440
381 531 174 114
7212 654 21 569
6617 932 331 737
523 122 111 129
1629 920 866 83
1897 543 978 224
3494 973 502 807
6336 52 465 676
3781 450 347 747
4909 896 48 350
7912 426 412 477
6324 79 465 665
5613 859 204 403
2556 968 840 617
6466 405 382 737
8592 859 623 449
2154 584 973 395
6623 546 256 737
3872 899 266 747
3311 725 630 831
7932 277 436 477
3601 643 434 747
3868 89 315 747
2912 524 890 740
9481 197 783 964
3202 625 755 831
7545 748 82 477
4055 559 189 726
1388 887 808 42
3112 899 752 831
1708 109 961 159
1495 199 866 89
5899 379 465 485
3900 84 199 726
2508 677 842 468
6781 22 209 737
5911 512 439 464
2365 21 879 468
4007 935 225 732
6680 522 202 737
199 965 1 148
7952 628 367 477
8351 250 613 357
2052 912 976 395
7916 318 337 477
3945 226 318 747
1527 591 866 74
2060 877 978 232
6679 959 134 786
1382 928 683 42
8294 406 534 379
9056 629 623 833
7049 90 21 705
3488 536 465 807
7820 58 354 477
3770 637 448 764
9492 673 819 964
6882 689 75 798
7129 829 21 770
6618 338 239 737
7746 287 332 477
7503 412 53 477
9026 50 623 809
8409 190 585 357
4250 294 160 661
1529 262 780 42
3833 108 384 747
8971 548 623 852
1963 873 978 280
7057 476 26 798
9364 136 760 964
785 386 297 42
1838 642 978 172
1909 923 978 244
595 656 159 129
8791 718 623 614
2452 572 857 468
127 706 1 156
9516 649 825 964
3766 274 399 747
7361 82 21 554
8724 499 623 593
245 619 73 129
365 284 41 129
5252 666 6 349
1158 73 658 42
5644 250 306 403
9097 986 623 854
708 4 294 42
2854 601 890 737
251 432 1 165
4802 719 40 350
4117 397 162 726
8080 117 433 477
6857 173 134 759
5692 869 412 403
3184 797 675 831
8218 307 534 466
4893 969 53 350
7709 18 323 477
2348 467 893 468
2327 933 865 468
8635 258 623 479
1911 238 978 199
4552 625 101 472
3405 306 532 807
3169 596 769 831
933 803 352 42
1281 156 667 42
9417 25 806 964
3647 535 468 807
1316 427 722 42
6299 496 427 737
8428 634 623 363
2686 974 840 574
4852 578 14 350
3923 179 339 747
2599 565 840 567
3584 880 468 807
4084 40 225 726
3698 707 448 780
1630 390 866 146
8353 902 544 357
7020 88 47 798
6805 518 153 737
963 85 346 42
2837 363 890 650
7448 135 21 494
5586 505 157 403
5386 235 77 403
8015 438 505 477
8712 366 623 560
133 47 1 191
4535 610 12 433
6037 88 459 484
2100 185 970 395
1798 129 873 159
4164 929 160 593
7288 818 21 533
6945 681 68 798
4919 391 80 350
2731 364 860 638
1345 58 757 42
2671 277 878 638
3121 124 868 831
994 888 406 42
7118 972 21 732
3077 560 890 813
7287 40 21 630
4290 923 160 550
5524 479 138 403
6404 200 370 737
7290 976 21 503
6322 591 424 737
6693 508 192 737
2591 990 840 595
3878 993 240 747
6370 455 390 737
5959 698 439 441
3313 997 727 831
3116 46 756 831
2964 209 890 803
5805 406 369 403
2467 579 896 468
6481 663 309 737
3723 237 448 755
1327 733 670 42
2867 551 890 699
1548 542 788 42
1552 935 866 53
4739 285 12 360
5580 489 170 403
7477 235 41 477
6908 136 75 798
3834 883 313 747
426 784 54 129
6136 922 465 688
9190 824 623 953
5517 321 248 403
6228 578 465 631
9353 765 821 964
3141 807 850 831
3525 303 547 807
1850 432 959 159
8367 380 623 401
1782 571 866 159
7261 362 21 542
7089 850 21 688
1815 237 924 159
7680 606 199 477
6209 810 465 634
5090 5 83 309
9101 366 623 851
8139 248 518 477
2745 176 845 638
4270 438 160 560
5854 255 439 414
8404 679 582 357
8442 94 601 357
7807 515 235 477
8526 587 623 454
9471 558 807 964
2084 875 972 395
5959 596 439 477
3863 835 225 741
2003 390 978 313
7449 754 21 478
2893 573 890 685
7253 92 21 680
4019 857 180 726
978 842 442 42
2170 97 978 381
4387 62 160 572
8128 663 534 425
9079 951 623 846
2728 527 841 638
918 813 379 42
1031 507 445 42
6296 71 465 710
2080 576 978 268
1995 672 978 280
6157 568 465 650
3544 293 552 807
8795 54 623 635
2018 70 978 391
2528 598 840 544
3897 573 366 747
9423 813 772 964
1139 248 527 42
8516 248 623 415
4138 293 187 726
3675 497 405 747
7428 546 21 491
8350 230 544 357
4001 686 290 747
7804 609 322 477
7661 564 110 477
4207 158 160 610
6119 506 465 505
8176 471 534 381
2824 295 890 659
8143 613 534 364
7371 471 25 477
2383 846 908 468
6539 790 325 737
4314 101 160 612
4103 559 160 719
7872 747 276 477
9001 347 623 866
1641 809 878 159
7577 416 155 477
5620 182 252 403
298 645 113 129
7093 867 21 669
2663 37 840 617
5227 527 6 329
1100 864 483 42
2895 38 846 831
5011 363 102 350
7884 10 327 477
1381 147 671 42
7026 525 43 798
308 261 1 172
237 327 1 161
5696 309 422 403
8447 167 580 357
3015 487 890 791
3900 254 201 726
1821 396 960 159
456 249 174 82
2275 599 880 468
7175 448 21 646
4863 383 77 350
3285 394 714 831
5647 755 276 403
1420 913 708 42
3243 148 653 831
6152 955 465 604
7858 296 279 477
5110 274 35 309
1713 92 866 97
7894 850 413 477
9025 395 623 881
6086 819 465 535
9362 614 744 964
3267 396 683 831
2551 354 840 503
700 546 220 42
1643 269 866 153
1217 646 572 42
9094 248 623 848
2474 31 840 574
2459 521 872 468
2321 718 911 404
6880 376 134 792
1208 662 542 42
5993 776 457 484
8178 807 513 477
7156 973 21 644
3957 643 188 726
3976 326 315 747
3655 354 463 807
3893 138 275 747
3585 805 553 807
4471 59 160 535
279 81 1 183
9266 83 701 964
2144 337 978 304
7066 536 21 669
6460 852 447 737
8309 887 620 357
6078 963 465 490
1050 610 616 42
7043 260 65 798
3812 523 435 747
7544 561 43 477
8210 813 534 421
3406 504 615 831
2281 527 935 399
2605 982 840 536
3233 608 617 831
4274 917 160 657
4918 235 79 350
5432 34 135 403
6319 139 465 713
8505 243 623 546
297 731 1 172
7423 963 21 541
579 78 204 42
2970 491 890 783
1758 374 868 159
6817 459 169 737
5149 39 69 309
2515 457 840 563
986 390 487 42
9329 465 690 964
5229 169 28 309
8762 903 623 629
2348 622 911 457
3595 856 448 801
3766 134 448 752
5883 369 439 438
4844 691 12 353
6104 840 465 545
5772 756 369 403
8868 442 623 804
5656 817 375 403
1901 285 978 239
6906 58 52 798
4073 66 160 713
7518 995 100 477
1572 268 866 81
2996 83 860 831
9112 380 623 960
5787 479 335 403
6407 340 462 737
6137 399 465 673
8412 641 623 417
2756 690 890 777
890 923 415 42
1954 646 978 189
2452 891 857 468
1155 178 524 42
1385 18 839 42
7290 399 21 502
1693 411 892 159
89 6 0 194
4279 749 160 641
4811 485 56 350
1825 487 905 159
3165 185 707 831
8491 207 623 507
1840 929 978 244
3755 160 350 747
2650 67 863 638
2102 86 978 330
2001 466 978 289
1859 884 934 159
5050 521 115 313
4395 349 142 472
741 153 269 42
7267 673 21 620
2133 670 911 399
509 700 175 42
7966 948 376 477
6616 958 313 737
8454 194 623 500
2845 786 890 706
1260 307 585 42
2936 693 890 741
901 653 361 42
3063 764 817 831
8384 217 568 357
1776 493 907 159
7369 101 21 562
7788 818 340 477
3967 208 160 725
859 767 385 42
5883 824 439 427
9225 200 678 964
6793 213 151 737
4425 688 160 573
8481 358 612 357
9301 875 763 964
7374 799 28 477
3931 368 271 747
1991 45 978 196
9041 86 623 825
2774 422 881 638
5889 121 439 423
8443 936 595 357
5042 802 70 309
6575 768 361 737
8093 731 458 477
3384 310 597 831
5378 368 87 403
6300 187 403 737
8606 734 623 472
919 889 369 42
4388 957 160 591
6824 450 116 798
7489 331 114 477
732 919 284 42
7229 953 21 570
9254 483 659 964
4983 294 102 350
5808 550 336 403
9469 475 849 964
7345 735 21 497
4947 433 100 309
7610 535 114 477
5685 989 314 403
5390 539 165 403
3127 377 760 831
497 873 174 98
7808 834 332 477
8755 903 623 624
3759 671 448 758
5303 891 8 403
5106 145 87 309
9340 530 797 964
6187 762 465 601
8500 800 623 365
8994 955 623 808
1864 903 978 165
1942 993 978 301
2092 478 978 348
788 642 321 42
8545 347 623 524
7939 297 392 477
5089 84 6 384
1140 669 613 42
268 119 1 131
8279 604 534 407
5799 697 429 403
9051 861 623 803
5742 213 324 403
5026 38 6 338
9293 671 634 964
6409 51 433 737
7527 879 49 477
8971 343 623 706
290 216 1 158
820 15 386 42
3747 588 426 747
2322 855 929 399
9046 369 623 857
2433 680 840 523
7325 631 21 632
7814 976 388 477
5821 96 351 403
1117 355 587 42
7159 905 21 722
6829 947 135 737
4627 964 102 472
6636 930 212 737
8458 859 614 357
3771 411 360 747
6778 793 184 737
3776 66 349 747
719 672 259 42
8096 756 508 477
6473 855 422 737
1842 710 978 204
8379 718 571 357
7207 416 21 620
3100 498 716 831
4948 129 50 350
5817 934 394 403
7363 87 21 559
4871 895 65 350
6250 68 465 721
8259 39 534 434
7039 647 21 649
8151 665 496 477
7653 228 208 477
1702 967 906 159
855 107 339 42
1234 423 656 42
5177 640 6 331
3879 997 387 747
8470 42 623 371
648 934 174 43
4207 805 168 726
5002 801 62 309
3150 111 857 831
6308 249 396 737
1744 545 907 159
7944 69 461 477
5244 582 6 342
3619 731 507 807
8812 500 623 733
4687 791 18 472
2798 415 890 715
7310 724 51 477
7236 991 21 588
4046 266 215 726
7628 839 139 477
4109 210 188 726
5194 571 30 309
9271 447 754 964
7946 885 520 477
871 570 302 42
7123 314 21 684
3552 376 525 807
2950 53 890 815
754 758 196 42
5805 673 385 403
7721 845 216 477
1257 961 622 42
2289 670 862 468
2013 588 978 266
2748 39 840 628
4663 490 12 429
5850 546 427 403
378 98 3 129
2169 788 955 399
7544 253 133 477
4590 170 104 472
4251 660 160 703
8342 118 534 365
9293 842 693 964
7255 168 21 629
5212 390 6 398
841 924 285 42
3146 755 789 831
6867 73 39 798
3393 103 643 831
3033 477 890 795
2302 297 911 420
4509 378 119 472
9194 494 643 964
7170 584 21 659
9107 773 623 899
1618 877 837 42
1047 459 422 42
1038 299 565 42
9097 969 623 863
7199 558 21 667
8868 450 623 752
1882 750 967 159
941 902 364 42
5427 609 144 403
3489 492 530 807
6735 807 229 737
3540 258 561 812
807 532 255 42
2245 572 943 399
3380 984 561 831
3561 575 448 806
814 429 301 42
457 286 157 129
6629 557 294 737
7068 741 21 737
6227 571 465 600
2909 183 890 714
3280 679 726 831
5354 724 188 403
5351 511 135 403
290 271 1 129
3080 94 886 831
6658 863 134 739
6070 312 465 490
3834 346 356 747
1841 278 978 229
6187 83 465 661
2274 417 969 395
1278 118 606 42
6769 52 200 737
4275 968 160 535
6797 967 134 796
5686 732 288 403
4614 219 110 472
5345 903 57 403
7595 47 189 477
8824 5 623 644
1622 908 916 159
2818 162 890 777
1786 863 978 197
7470 382 21 521
7217 581 21 608
8000 830 443 477
2866 476 890 686
4830 160 83 350
5619 193 183 403
3677 689 428 747
2274 775 932 399
6837 897 134 744
5796 603 367 403
2494 115 840 500
3793 67 336 747
1341 844 632 42
5953 818 465 505
6800 990 134 778
5621 73 351 403
1225 842 628 42
1063 759 514 42
9340 146 694 964
4449 951 160 497
3722 902 448 778
8465 148 623 463
309 517 40 129
8453 933 623 466
6648 478 217 737
5742 445 323 403
495 262 91 129
3801 894 426 747
1989 65 978 261
8495 907 623 461
219 923 1 130
7794 403 250 477
4908 265 32 350
8806 18 623 760
4967 617 96 309
7197 66 21 611
4489 804 160 513
7491 243 172 477
3576 501 451 807
9010 742 623 786
4536 111 160 488
3997 717 265 747
792 409 296 42
7803 716 226 477
5431 705 97 403
2721 702 881 638
1961 727 978 286
5170 855 53 309
693 431 201 42
4490 714 87 472
1286 68 715 42
3968 495 267 747
2805 907 890 714
3356 131 518 807
8817 55 623 641
2301 542 959 399
2652 271 840 611
3455 751 527 807
3223 761 724 831
7828 892 250 477
3031 418 843 831
5345 659 134 403
7948 400 326 477
2140 828 978 295
6914 625 106 798
2486 626 840 493
5901 796 439 411
8086 232 508 477
1988 195 978 214
4975 813 115 344
4047 541 205 726
4618 713 77 472
2270 691 932 399
8748 236 623 544
7072 918 21 718
7916 97 367 477
4584 378 62 472
5511 450 224 403
9119 830 623 896
1990 74 978 253
3843 786 350 747
1443 133 811 42
318 867 93 129
8471 660 598 357
7141 375 21 713
2413 648 871 468
9024 368 623 832
5631 751 318 403
9092 212 623 925
1590 528 828 42
3960 38 160 719
7737 806 183 477
5875 618 438 403
9160 659 664 964
4652 118 67 472
4304 507 160 615
4273 137 160 644
866 707 323 42
5514 73 270 403
7111 831 21 710
8405 740 623 422
3702 987 434 747
7024 872 43 798
9510 795 815 964
7431 556 93 477
2591 136 840 592
4759 442 65 350
9100 685 623 893
5460 185 204 403
8821 731 623 618
4907 170 35 350
3095 100 855 831
5996 671 439 456
1814 815 964 159
7732 169 163 477
495 267 174 55
7843 662 259 477
7896 831 376 477
3835 201 303 747
9395 653 746 964
8635 959 623 656
8715 591 623 644
1239 801 688 42
3740 749 448 758
6448 788 352 737
6938 90 21 788
8465 389 623 363
5996 43 439 455
5102 448 17 309
3630 513 441 747
9404 627 900 964
3136 447 705 831
3776 332 358 747
5467 943 161 403
4942 191 104 350
280 156 3 129
532 308 174 110
6039 694 439 477
7120 386 21 708
5556 486 336 403
8804 397 623 657
1944 370 978 165
4893 277 114 350
7403 780 21 548
4662 450 12 421
7790 100 251 477
6842 777 142 737
4392 324 132 472
7531 213 62 477
5523 79 126 403
5223 266 6 359
8936 59 623 684
3936 684 338 747
6938 668 114 798
8289 706 623 362
8143 964 479 477
8071 137 461 477
9113 527 623 857
2330 930 905 468
4316 71 160 573
4953 204 92 350
698 469 232 42
9140 607 623 933
3435 554 602 831
9255 758 623 927
2851 196 890 813
8592 290 623 485
3898 199 225 735
7307 421 21 549
3888 649 339 747
9416 551 749 964
1033 76 499 42
3181 613 660 831
9318 342 683 964
5649 858 321 403
9376 701 780 964
3681 867 400 747
8247 896 534 416
1161 261 510 42
6848 512 122 798
6401 332 379 737
9525 474 787 964
6421 396 391 737
2745 716 840 617
6754 337 221 737
5536 94 145 403
4901 893 20 350
8624 894 623 475
4123 501 160 688
3655 899 429 747
9232 9 642 964
2914 731 890 709
2603 891 840 564
1791 759 943 159
9242 314 675 964
1088 487 469 42
7884 36 330 477
7402 997 21 572
6008 589 439 465
2844 67 890 756
8292 855 534 409
1486 752 866 109
613 933 231 42
6124 933 465 647
5545 157 167 403
1360 946 740 42
2427 885 840 565
